218.77616239495518 0.004417989417989432
295.1209226666384 0.0045899470899470884
354.8133892335753 0.016600529100528894
416.8693834703351 0.024629629629629557
478.630092322638 0.03661375661375632
549.5408738576248 0.04859788359788353
630.957344480193 0.06058201058201029
794.3282347242814 0.08452380952380945
891.2509381337459 0.09649470899470902
1000 0.11243386243386211
1122.018454301963 0.13234126984126982
1258.9254117941675 0.14828042328042312
1380.3842646028852 0.16817460317460298
1513.5612484362086 0.1841005291005291
1698.2436524617442 0.2000396825396824
1862.0871366628676 0.22390211640211644
2041.7379446695295 0.24776455026455024
2238.72113856834 0.27162698412698405
2398.83291901949 0.2954761904761902
2630.2679918953813 0.3153703703703703
2818.382931264452 0.3392195767195765
3019.951720402016 0.35910052910052914
3162.277660168379 0.375
3388.4415613920237 0.3948809523809522
3715.352290971724 0.42271164021164
3981.071705534969 0.45052910052910033
4265.795188015925 0.4783465608465607
4570.881896148747 0.506164021164021
4897.7881936844615 0.5300132275132274
5248.074602497723 0.5538624338624337
5495.408738576242 0.5776984126984126
6025.595860743575 0.6094973544973543
6456.54229034655 0.6373148148148147
6918.30970918937 0.665132275132275
7413.102413009169 0.6889814814814813
8128.305161640987 0.7168121693121692
8912.509381337459 0.7406746031746031
9772.37220955811 0.7685052910052909
10715.193052376071 0.7923677248677248
11481.536214968817 0.8122486772486772
12589.254117941662 0.832142857142857
14125.375446227525 0.8560185185185183
15848.93192461114 0.8798941798941798
19054.607179632443 0.9077777777777776
22908.6765276777 0.9316931216931216
28183.82931264449 0.951653439153439
34673.685045253165 0.9716137566137565
43651.58322401656 0.9836507936507934
50118.72336272715 0.9876984126984125
63095.7344480193 0.9997354497354496
81283.05161640995 0.9998809523809522
100000 1.003968253968254
151356.12484362072 1.004206349206349
199526.23149688786 1.0083333333333333
245470.89156850285 1.0084523809523809
295120.9226666384 1.0085582010582008
