33884.4156139202 0.00334656084656082
41686.938347033465 0.007433862433862348
50118.72336272715 0.011507936507936467
61659.50018614822 0.011626984126984041
75857.75750291836 0.019682539682539524
89125.0938133744 0.027711640211639965
109647.81961431829 0.039735449735449624
125892.54117941661 0.047751322751322434
144543.9770745925 0.05973544973544964
169824.36524617427 0.07173280423280426
194984.45997580414 0.08371693121693102
229086.76527677747 0.09968253968253982
257039.57827688646 0.1156216931216929
301995.1720402013 0.13555555555555543
338844.15613920277 0.15546296296296291
389045.1449942805 0.17935185185185154
436515.8322401657 0.19925925925925903
489778.81936844566 0.22710317460317464
549540.8738576248 0.25097883597883586
602559.5860743568 0.27484126984126966
645654.2290346549 0.29472222222222233
691830.9709189362 0.31460317460317455
758577.5750291836 0.34640211640211627
831763.7711026708 0.3702645502645503
912010.8393559097 0.40206349206349223
1000000 0.4298941798941798
1071519.3052376048 0.4616798941798941
1148153.6214968818 0.48552910052910025
1202264.4346174132 0.5053968253968253
1288249.5516931321 0.5292460317460317
1380384.2646028837 0.5570634920634919
1445439.7707459251 0.5769312169312169
1548816.6189124796 0.6047486772486771
1659586.9074375597 0.6325661375661374
1737800.8287493726 0.6564021164021162
1862087.1366628655 0.6762830687830685
1995262.3149688789 0.7001322751322749
2238721.138568338 0.7319444444444444
2454708.915685029 0.759775132275132
2691534.803926914 0.783637566137566
2951209.226666384 0.8074999999999999
3235936.569296281 0.8273941798941797
3548133.892335753 0.8472883597883596
3981071.7055349695 0.8632275132275131
4365158.322401665 0.8831216931216931
4786300.92322639 0.8990476190476188
5495408.738576237 0.9149999999999998
6165950.018614822 0.9269708994708994
7244359.600749891 0.9429365079365077
8317637.711026692 0.9509523809523809
10232929.922807537 0.9629761904761903
11748975.549395278 0.9709920634920635
14791083.881682072 0.9790608465608464
17782794.100389227 0.9831349206349205
20892961.308540408 0.987195767195767
25118864.31509582 0.9873015873015871
28840315.031266056 0.9913492063492061
35481338.92335753 0.9954365079365078
45708818.96148752 0.9955820105820105
56234132.519034795 0.995701058201058
67608297.53919806 0.9958068783068782
75857757.50291836 0.9958730158730158
