 2.92300e-5 5.98194e-9 1.85744e+7
 2.92300e-5 5.98194e-8 1.85744e+7
 3.04264e-5 5.98194e-9 1.68345e+6
 3.04264e-5 5.98194e-7 1.69372e+6
 3.16228e-4 1.00000e-7 3.17648e+4
 3.16228e-4 5.62342e-7 2.97483e+4
 3.16228e-4 3.16228e-6 2.78599e+4
 3.16228e-4 6.30959e-6 2.37744e+4
 3.16228e-4 1.25893e-5 2.02880e+4
 3.16228e-4 1.77828e-5 1.63386e+4
 3.16228e-4 2.51189e-5 1.31580e+4
 3.16228e-4 3.54814e-5 8.97748e+3
 3.16228e-4 5.01187e-5 6.12518e+3
 3.16228e-4 5.95662e-5 4.73402e+3
 3.16228e-4 7.71791e-5 3.21661e+3
 3.16228e-4 1.00000e-4 2.18557e+3
 3.16228e-4 1.25893e-4 1.70461e+3
 3.16228e-4 1.43499e-4 1.64010e+3
 8.15479e-3 1.00000e-7 2.46253e+4
 8.15479e-3 6.30957e-7 2.31673e+4
 8.15479e-3 3.98107e-6 2.17957e+4
 8.15479e-3 1.25893e-5 1.75894e+4
 8.15479e-3 1.77828e-5 1.45630e+4
 8.15479e-3 2.51189e-5 1.20573e+4
 8.15479e-3 3.54814e-5 8.46099e+3
 8.15479e-3 5.01187e-5 5.93737e+3
 8.15479e-3 5.95662e-5 4.49616e+3
 8.15479e-3 7.71791e-5 2.96288e+3
 8.15479e-3 1.00000e-4 1.95248e+3
 8.15479e-3 1.15478e-4 1.45006e+3
 8.15479e-3 1.30975e-4 1.11773e+3
 8.15479e-3 1.63264e-4 7.08761e+2
 8.15479e-3 1.92605e-4 5.03642e+2
 8.15479e-3 2.18022e-4 3.89797e+2
 8.15479e-3 2.62573e-4 2.65407e+2
 8.15479e-3 3.16228e-4 1.80712e+2
 8.15479e-3 3.59957e-4 1.36381e+2
 8.15479e-3 4.06429e-4 1.04752e+2
 8.15479e-3 4.55432e-4 8.17955e+1
 8.15479e-3 5.63794e-4 5.14393e+1
 8.15479e-3 6.79564e-4 3.42799e+1
 8.15479e-3 8.00206e-4 2.40335e+1
 8.15479e-3 9.23212e-4 1.76146e+1
 8.15479e-3 1.04626e-3 1.34213e+1
 8.15479e-3 1.16730e-3 1.05798e+1
 8.15479e-3 1.41380e-3 6.97705e+0
 8.15479e-3 1.63227e-3 5.10584e+0
 8.15479e-3 1.81800e-3 4.03984e+0
 8.15479e-3 2.13696e-3 2.84322e+0
 8.15479e-3 2.51189e-3 2.00104e+0
 8.15479e-3 3.16228e-3 1.28893e+0
 8.15479e-3 4.06278e-3 1.01632e+0
 1.99526e-1 1.00000e-7 2.19056e+4
 1.99526e-1 7.07946e-7 2.07784e+4
 1.99526e-1 5.01187e-6 1.97092e+4
 1.99526e-1 1.25893e-5 1.72027e+4
 1.99526e-1 1.77828e-5 1.45013e+4
 1.99526e-1 2.51189e-5 1.22242e+4
 1.99526e-1 3.54814e-5 8.71635e+3
 1.99526e-1 5.01187e-5 6.21510e+3
 1.99526e-1 5.95662e-5 4.70895e+3
 1.99526e-1 7.71791e-5 3.10555e+3
 1.99526e-1 1.00000e-4 2.04810e+3
 1.99526e-1 1.12202e-4 1.60602e+3
 1.99526e-1 1.37246e-4 1.04943e+3
 1.99526e-1 1.59634e-4 7.62701e+2
 1.99526e-1 1.78790e-4 6.00350e+2
 1.99526e-1 2.11920e-4 4.19257e+2
 1.99526e-1 2.51189e-4 2.92790e+2
 1.99526e-1 3.07256e-4 1.87563e+2
 1.99526e-1 3.66491e-4 1.27032e+2
 1.99526e-1 4.27618e-4 9.03308e+1
 1.99526e-1 4.89411e-4 6.70296e+1
 1.99526e-1 5.50763e-4 5.16290e+1
 1.99526e-1 6.77211e-4 3.26958e+1
 1.99526e-1 7.90758e-4 2.32108e+1
 1.99526e-1 8.88245e-4 1.79510e+1
 1.99526e-1 1.05747e-3 1.22092e+1
 1.99526e-1 1.25893e-3 8.30394e+0
 1.99526e-1 1.56225e-3 5.31342e+0
 1.99526e-1 1.91268e-3 3.49610e+0
 1.99526e-1 2.31227e-3 2.36132e+0
 1.99526e-1 2.76240e-3 1.63448e+0
 1.99526e-1 3.26367e-3 1.15768e+0
 1.99526e-1 3.81592e-3 8.37837e-1
 1.99526e-1 4.41824e-3 6.18739e-1
 1.99526e-1 5.06899e-3 4.65676e-1
 1.99526e-1 5.76586e-3 3.56758e-1
 1.99526e-1 6.50594e-3 2.77905e-1
 1.99526e-1 7.28582e-3 2.19886e-1
 1.99526e-1 9.00883e-3 1.41747e-1
 1.99526e-1 1.08476e-2 9.65309e-2
 1.99526e-1 1.27620e-2 6.89722e-2
 1.99526e-1 1.47122e-2 5.13962e-2
 1.99526e-1 1.66617e-2 3.97334e-2
 1.99526e-1 2.07152e-2 2.53250e-2
 1.99526e-1 2.43903e-2 1.80652e-2
 1.99526e-1 2.75684e-2 1.40222e-2
 1.99526e-1 3.31288e-2 9.58897e-3
 1.99526e-1 3.98107e-2 6.55735e-3
 1.99526e-1 4.46683e-2 5.14482e-3
 1.99526e-1 5.30884e-2 3.57546e-3
 1.99526e-1 6.30957e-2 2.48482e-3
 1.99526e-1 8.14221e-2 1.60016e-3
 1.99526e-1 9.97485e-2 1.37239e-3
 1.99526e+1 1.00000e-7 1.90593e+4
 1.99526e+1 1.00000e-6 1.79647e+4
 1.99526e+1 1.00000e-5 1.69329e+4
 1.99526e+1 1.58489e-5 1.42420e+4
 1.99526e+1 2.51189e-5 1.19788e+4
 1.99526e+1 3.54814e-5 8.80436e+3
 1.99526e+1 5.01187e-5 6.47115e+3
 1.99526e+1 6.30957e-5 4.79967e+3
 1.99526e+1 7.49895e-5 3.57139e+3
 1.99526e+1 9.71630e-5 2.29233e+3
 1.99526e+1 1.25893e-4 1.47135e+3
 1.99526e+1 1.41254e-4 1.14033e+3
 1.99526e+1 1.72783e-4 7.30004e+2
 1.99526e+1 2.00968e-4 5.22453e+2
 1.99526e+1 2.25084e-4 4.06526e+2
 1.99526e+1 2.66792e-4 2.79030e+2
 1.99526e+1 3.16228e-4 1.91520e+2
 1.99526e+1 3.86812e-4 1.19750e+2
 1.99526e+1 4.61384e-4 7.94012e+1
 1.99526e+1 5.38337e-4 5.54225e+1
 1.99526e+1 6.16130e-4 4.04634e+1
 1.99526e+1 6.93368e-4 3.07268e+1
 1.99526e+1 7.68852e-4 2.41499e+1
 1.99526e+1 9.21260e-4 1.58438e+1
 1.99526e+1 1.05508e-3 1.15497e+1
 1.99526e+1 1.16806e-3 9.11176e+0
 1.99526e+1 1.36060e-3 6.38484e+0
 1.99526e+1 1.58489e-3 4.47403e+0
 1.99526e+1 1.85673e-3 3.23674e+0
 1.99526e+1 2.15378e-3 2.38949e+0
 1.99526e+1 2.47530e-3 1.79779e+0
 1.99526e+1 2.82017e-3 1.37688e+0
 1.99526e+1 3.18701e-3 1.07224e+0
 1.99526e+1 3.57414e-3 8.48160e-1
 1.99526e+1 4.43124e-3 5.46481e-1
 1.99526e+1 5.34822e-3 3.71993e-1
 1.99526e+1 6.30497e-3 2.65689e-1
 1.99526e+1 7.28153e-3 1.97917e-1
 1.99526e+1 8.25933e-3 1.52961e-1
 1.99526e+1 1.02969e-2 9.74424e-2
 1.99526e+1 1.21487e-2 6.94823e-2
 1.99526e+1 1.37530e-2 5.39161e-2
 1.99526e+1 1.65653e-2 3.68541e-2
 1.99526e+1 1.99526e-2 2.51914e-2
 1.99526e+1 2.33749e-2 1.83810e-2
 1.99526e+1 2.72490e-2 1.35445e-2
 1.99526e+1 3.16134e-2 1.00763e-2
 1.99526e+1 3.65069e-2 7.56575e-3
 1.99526e+1 4.19688e-2 5.73183e-3
 1.99526e+1 4.80380e-2 4.38028e-3
 1.99526e+1 5.47533e-2 3.37567e-3
 1.99526e+1 6.21527e-2 2.62273e-3
 1.99526e+1 7.02731e-2 2.05387e-3
 1.99526e+1 7.91502e-2 1.62073e-3
 1.99526e+1 9.96664e-2 1.02427e-3
 1.99526e+1 1.23706e-1 6.66154e-4
 1.99526e+1 1.51483e-1 4.45053e-4
 1.99526e+1 1.83165e-1 3.04927e-4
 1.99526e+1 2.18859e-1 2.13917e-4
 1.99526e+1 2.58616e-1 1.53432e-4
 1.99526e+1 3.02422e-1 1.12359e-4
 1.99526e+1 3.50207e-1 8.38984e-5
 1.99526e+1 4.01842e-1 6.38014e-5
 1.99526e+1 4.57143e-1 4.93559e-5
 1.99526e+1 5.15880e-1 3.87986e-5
 1.99526e+1 6.47113e-1 2.47079e-5
 1.99526e+1 7.89055e-1 1.66476e-5
 1.99526e+1 9.38575e-1 1.17843e-5
 1.99526e+1 1.09247e+0 8.70988e-6
 1.99526e+1 1.24770e+0 6.68547e-6
 1.99526e+1 1.40151e+0 5.30410e-6
 1.99526e+1 1.71770e+0 3.53754e-6
 1.99526e+1 2.00083e+0 2.61077e-6
 1.99526e+1 2.51539e+0 1.65527e-6
 1.99526e+1 3.16228e+0 1.04947e-6
 1.99526e+1 3.75838e+0 7.81605e-7
 1.99526e+1 4.86967e+0 5.02358e-7
 1.99526e+1 6.30957e+0 3.22879e-7
 1.99526e+1 8.14294e+0 2.41127e-7
 1.99526e+1 9.97630e+0 2.19749e-7
 1.00000e+5 1.00000e-7 1.90194e+4
 1.00000e+5 1.00000e-6 1.79284e+4
 1.00000e+5 1.00000e-5 1.68999e+4
 1.00000e+5 1.58489e-5 1.42160e+4
 1.00000e+5 2.51189e-5 1.19584e+4
 1.00000e+5 3.54814e-5 8.79180e+3
 1.00000e+5 5.01187e-5 6.46370e+3
 1.00000e+5 6.30957e-5 4.79582e+3
 1.00000e+5 7.49895e-5 3.57045e+3
 1.00000e+5 9.71630e-5 2.29358e+3
 1.00000e+5 1.25893e-4 1.47334e+3
 1.00000e+5 1.41254e-4 1.14309e+3
 1.00000e+5 1.72783e-4 7.33141e+2
 1.00000e+5 2.00968e-4 5.25434e+2
 1.00000e+5 2.25084e-4 4.09276e+2
 1.00000e+5 2.66792e-4 2.81361e+2
 1.00000e+5 3.16228e-4 1.93424e+2
 1.00000e+5 3.86812e-4 1.21086e+2
 1.00000e+5 4.61384e-4 8.03714e+1
 1.00000e+5 5.38337e-4 5.61512e+1
 1.00000e+5 6.16130e-4 4.10284e+1
 1.00000e+5 6.93368e-4 3.11777e+1
 1.00000e+5 7.68852e-4 2.45194e+1
 1.00000e+5 9.21260e-4 1.61036e+1
 1.00000e+5 1.05508e-3 1.17485e+1
 1.00000e+5 1.16806e-3 9.27423e+0
 1.00000e+5 1.36060e-3 6.50460e+0
 1.00000e+5 1.58489e-3 4.56208e+0
 1.00000e+5 1.83020e-3 3.39264e+0
 1.00000e+5 2.09456e-3 2.57010e+0
 1.00000e+5 2.37697e-3 1.98107e+0
 1.00000e+5 2.67623e-3 1.55209e+0
 1.00000e+5 3.34258e-3 9.82190e-1
 1.00000e+5 4.06043e-3 6.58134e-1
 1.00000e+5 4.81394e-3 4.63627e-1
 1.00000e+5 5.58712e-3 3.41226e-1
 1.00000e+5 6.36486e-3 2.60949e-1
 1.00000e+5 7.13371e-3 2.06362e-1
 1.00000e+5 8.70936e-3 1.36855e-1
 1.00000e+5 1.01156e-2 1.00573e-1
 1.00000e+5 1.26618e-2 6.33602e-2
 1.00000e+5 1.58489e-2 3.99163e-2
 1.00000e+5 1.95969e-2 2.61205e-2
 1.00000e+5 2.41509e-2 1.72065e-2
 1.00000e+5 2.96663e-2 1.14086e-2
 1.00000e+5 3.63242e-2 7.61315e-3
 1.00000e+5 4.43359e-2 5.11258e-3
 1.00000e+5 5.39464e-2 3.45476e-3
 1.00000e+5 6.54393e-2 2.34885e-3
 1.00000e+5 7.91413e-2 1.60661e-3
 1.00000e+5 9.54286e-2 1.10546e-3
 1.00000e+5 1.14732e-1 7.65090e-4
 1.00000e+5 1.37543e-1 5.32573e-4
 1.00000e+5 1.64423e-1 3.72825e-4
 1.00000e+5 1.96009e-1 2.62452e-4
 1.00000e+5 2.33022e-1 1.85771e-4
 1.00000e+5 2.76276e-1 1.32205e-4
 1.00000e+5 3.26689e-1 9.45866e-5
 1.00000e+5 3.85291e-1 6.80271e-5
 1.00000e+5 4.53235e-1 4.91781e-5
 1.00000e+5 5.31810e-1 3.57324e-5
 1.00000e+5 6.22449e-1 2.60928e-5
 1.00000e+5 7.26748e-1 1.91475e-5
 1.00000e+5 8.46471e-1 1.41190e-5
 1.00000e+5 9.83571e-1 1.04608e-5
 1.00000e+5 1.14020e+0 7.78678e-6
 1.00000e+5 1.31872e+0 5.82312e-6
 1.00000e+5 1.52173e+0 4.37446e-6
 1.00000e+5 1.75207e+0 3.30092e-6
 1.00000e+5 2.01284e+0 2.50182e-6
 1.00000e+5 2.30741e+0 1.90440e-6
 1.00000e+5 2.63945e+0 1.45584e-6
 1.00000e+5 3.01293e+0 1.11761e-6
 1.00000e+5 3.43216e+0 8.61508e-7
 1.00000e+5 3.90177e+0 6.66800e-7
 1.00000e+5 4.42676e+0 5.18168e-7
 1.00000e+5 5.01249e+0 4.04257e-7
 1.00000e+5 5.66471e+0 3.16613e-7
 1.00000e+5 6.38957e+0 2.48919e-7
 1.00000e+5 7.19364e+0 1.96435e-7
 1.00000e+5 8.08390e+0 1.55592e-7
 1.00000e+5 1.01715e+1 9.83303e-8
 1.00000e+5 1.27065e+1 6.30400e-8
 1.00000e+5 1.57635e+1 4.09806e-8
 1.00000e+5 1.94245e+1 2.70013e-8
 1.00000e+5 2.37801e+1 1.80241e-8
 1.00000e+5 2.89289e+1 1.21845e-8
 1.00000e+5 3.49777e+1 8.33828e-9
 1.00000e+5 4.20409e+1 5.77421e-9
 1.00000e+5 5.02409e+1 4.04479e-9
 1.00000e+5 5.97069e+1 2.86504e-9
 1.00000e+5 7.05747e+1 2.05137e-9
 1.00000e+5 8.29858e+1 1.48420e-9
 1.00000e+5 9.70868e+1 1.08476e-9
 1.00000e+5 1.13028e+2 8.00626e-10
 1.00000e+5 1.30963e+2 5.96551e-10
 1.00000e+5 1.51047e+2 4.48599e-10
 1.00000e+5 1.73437e+2 3.40359e-10
 1.00000e+5 1.98286e+2 2.60474e-10
 1.00000e+5 2.25750e+2 2.01012e-10
 1.00000e+5 2.55978e+2 1.56385e-10
 1.00000e+5 2.89115e+2 1.22625e-10
 1.00000e+5 3.25302e+2 9.68856e-11
 1.00000e+5 4.08808e+2 6.13787e-11
 1.00000e+5 5.06465e+2 4.00098e-11
 1.00000e+5 6.19106e+2 2.67874e-11
 1.00000e+5 7.47360e+2 1.83901e-11
 1.00000e+5 8.91630e+2 1.29255e-11
 1.00000e+5 1.05208e+3 9.28715e-12
 1.00000e+5 1.22863e+3 6.81223e-12
 1.00000e+5 1.42096e+3 5.09458e-12
 1.00000e+5 1.62853e+3 3.87984e-12
 1.00000e+5 1.85058e+3 3.00548e-12
 1.00000e+5 2.08618e+3 2.36561e-12
 1.00000e+5 2.61176e+3 1.51008e-12
 1.00000e+5 3.17919e+3 1.01959e-12
 1.00000e+5 3.77596e+3 7.23054e-13
 1.00000e+5 4.38934e+3 5.35272e-13
 1.00000e+5 5.00725e+3 4.11436e-13
 1.00000e+5 6.30521e+3 2.59613e-13
 1.00000e+5 7.49506e+3 1.83799e-13
 1.00000e+5 8.53261e+3 1.41859e-13
 1.00000e+5 1.03643e+4 9.61893e-14
 1.00000e+5 1.25893e+4 6.52224e-14
 1.00000e+5 1.49624e+4 4.76498e-14
 1.00000e+5 1.70314e+4 3.76539e-14
 1.00000e+5 2.06836e+4 2.64505e-14
 1.00000e+5 2.51189e+4 1.85805e-14
 1.00000e+5 3.16228e+4 1.36595e-14
 1.00000e+5 3.98107e+4 1.00418e-14
 1.00000e+5 5.00000e+4 8.97489e-15
