 1.00000e-5 3.16863e+6
 1.06250e-5 5.43859e+6
 1.17190e-5 9.83003e+6
 1.25390e-5 1.33417e+7
 1.37690e-5 1.88027e+7
 1.50000e-5 2.43690e+7
 1.75000e-5 3.67003e+7
 1.75600e-5 3.70406e+7
 1.78650e-5 3.88041e+7
 1.83990e-5 4.18482e+7
 1.91990e-5 4.61142e+7
 2.00000e-5 5.06683e+7
 2.12500e-5 5.83156e+7
 2.25000e-5 6.58830e+7
 2.34380e-5 7.14777e+7
 2.62500e-5 8.91059e+7
 2.67190e-5 9.18869e+7
 3.00000e-5 1.12049e+8
 3.50000e-5 1.40557e+8
 4.00000e-5 1.65353e+8
 4.50000e-5 1.86061e+8
 5.00000e-5 2.04175e+8
 6.00000e-5 2.26784e+8
 7.00000e-5 2.40468e+8
 8.00000e-5 2.43003e+8
 9.00000e-5 2.41388e+8
 1.00000e-4 2.37026e+8
 1.25000e-4 2.16845e+8
 1.50000e-4 1.93063e+8
 1.75000e-4 1.72497e+8
 2.00000e-4 1.56147e+8
 2.50000e-4 1.29784e+8
 2.91010e-4 1.13658e+8
 2.95500e-4 1.12141e+8
 3.00000e-4 1.10643e+8
 3.12500e-4 1.07114e+8
 3.23440e-4 1.04116e+8
 3.42580e-4 9.90440e+7
 3.50000e-4 9.71275e+7
 3.71290e-4 9.23514e+7
 4.00000e-4 8.62179e+7
 4.50000e-4 7.79624e+7
 5.00000e-4 7.03490e+7
 5.50000e-4 6.46220e+7
 6.00000e-4 5.92559e+7
 7.00000e-4 5.10578e+7
 8.00000e-4 4.47464e+7
 9.00000e-4 3.97563e+7
 1.00000e-3 3.57216e+7
 1.25000e-3 2.90308e+7
 1.50000e-3 2.44244e+7
 1.75000e-3 2.10487e+7
 2.00000e-3 1.84838e+7
 2.50000e-3 1.48194e+7
 3.00000e-3 1.23510e+7
 3.50000e-3 1.05950e+7
 4.00000e-3 9.28225e+6
 4.50000e-3 8.26681e+6
 5.00000e-3 7.44829e+6
 5.50000e-3 6.78397e+6
 6.00000e-3 6.22735e+6
 7.00000e-3 5.35531e+6
 8.00000e-3 4.70130e+6
 9.00000e-3 4.19425e+6
 1.00000e-2 3.78513e+6
 1.12500e-2 3.38674e+6
 1.25000e-2 3.06371e+6
 1.31250e-2 2.92594e+6
 1.50000e-2 2.57782e+6
 1.75000e-2 2.22773e+6
 2.00000e-2 1.96344e+6
 2.25000e-2 1.76603e+6
 2.50000e-2 1.60516e+6
 2.62500e-2 1.53633e+6
 3.00000e-2 1.36163e+6
 3.50000e-2 1.18478e+6
 4.00000e-2 1.05030e+6
 4.50000e-2 9.51104e+5
 5.00000e-2 8.75701e+5
 5.50000e-2 8.08903e+5
 6.00000e-2 7.56400e+5
 7.00000e-2 6.69600e+5
 8.00000e-2 6.03826e+5
 9.00000e-2 5.48230e+5
 1.00000e-1 5.09735e+5
 1.25000e-1 4.32840e+5
 1.50000e-1 3.80580e+5
 1.75000e-1 3.42717e+5
 2.00000e-1 3.14158e+5
 2.50000e-1 2.73579e+5
 3.00000e-1 2.46251e+5
 3.50000e-1 2.21321e+5
 4.00000e-1 2.11864e+5
 4.50000e-1 1.97491e+5
 5.00000e-1 1.91202e+5
 5.50000e-1 1.82022e+5
 6.00000e-1 1.77561e+5
 7.00000e-1 1.64212e+5
 8.00000e-1 1.60738e+5
 9.00000e-1 1.53413e+5
 1.00000e+0 1.50889e+5
 1.25000e+0 1.38934e+5
 1.50000e+0 1.38460e+5
 1.75000e+0 1.33759e+5
 2.00000e+0 1.32918e+5
 2.50000e+0 1.28117e+5
 3.00000e+0 1.27925e+5
 3.50000e+0 1.26456e+5
 4.00000e+0 1.26215e+5
 4.50000e+0 1.25604e+5
 5.00000e+0 1.25383e+5
 5.50000e+0 1.25208e+5
 6.00000e+0 1.25140e+5
 7.00000e+0 1.25129e+5
 8.00000e+0 1.25002e+5
 9.00000e+0 1.25077e+5
 1.00000e+1 1.24914e+5
 1.25000e+1 1.25330e+5
 1.50000e+1 1.24695e+5
 1.75000e+1 1.24616e+5
 2.00000e+1 1.24077e+5
 2.50000e+1 1.23773e+5
 3.00000e+1 1.22837e+5
 3.50000e+1 1.22542e+5
 4.00000e+1 1.22046e+5
 4.50000e+1 1.21762e+5
 5.00000e+1 1.21377e+5
 5.50000e+1 1.21269e+5
 6.00000e+1 1.21101e+5
 7.00000e+1 1.20952e+5
 8.00000e+1 1.20697e+5
 9.00000e+1 1.20598e+5
 1.00000e+2 1.20444e+5
 1.25000e+2 1.20413e+5
 1.50000e+2 1.20211e+5
 1.75000e+2 1.20176e+5
 2.00000e+2 1.20080e+5
 2.50000e+2 1.20115e+5
 3.00000e+2 1.20014e+5
 3.50000e+2 1.20019e+5
 4.00000e+2 1.19959e+5
 4.50000e+2 1.19888e+5
 5.00000e+2 1.19792e+5
 5.50000e+2 1.19832e+5
 6.00000e+2 1.19852e+5
 7.00000e+2 1.19897e+5
 8.00000e+2 1.19867e+5
 9.00000e+2 1.19897e+5
 1.00000e+3 1.19877e+5
 1.25000e+3 1.19952e+5
 1.50000e+3 1.19917e+5
 1.75000e+3 1.19927e+5
 2.00000e+3 1.19887e+5
 2.50000e+3 1.19967e+5
 3.00000e+3 1.19927e+5
 3.50000e+3 1.19952e+5
 4.00000e+3 1.19907e+5
 4.50000e+3 1.19851e+5
 5.00000e+3 1.19760e+5
 5.50000e+3 1.19811e+5
 6.00000e+3 1.19826e+5
 7.00000e+3 1.19882e+5
 8.00000e+3 1.19861e+5
 9.00000e+3 1.19892e+5
 1.00000e+4 1.19882e+5
 1.25000e+4 1.19952e+5
 1.50000e+4 1.19917e+5
 1.75000e+4 1.19932e+5
 2.00000e+4 1.19892e+5
 2.50000e+4 1.19972e+5
 3.00000e+4 1.19932e+5
 3.50000e+4 1.19957e+5
 4.00000e+4 1.19917e+5
 4.50000e+4 1.19851e+5
 5.00000e+4 1.19766e+5
 5.50000e+4 1.19811e+5
 6.00000e+4 1.19841e+5
 7.00000e+4 1.19887e+5
 8.00000e+4 1.19871e+5
 9.00000e+4 1.19902e+5
 1.00000e+5 1.19892e+5
