1389.495494373136 5661.665257967814
3083.265965550793 1770.8761613976135
3871.7926220198096 1332.6297976191788
5878.0160722749115 709.317893020809
6928.820980810258 642.6258197333655
7381.283196139157 483.449917886031
9750.143083218762 466.057056334597
9627.565534153906 346.25574108814163
11787.686347935865 373.0891300058646
14616.223148107212 230.30457853755456
22758.459260747863 189.07134081382887
26489.69287610524 149.48352408386745
40727.72108711832 113.93274173421912
49238.826317067316 115.3911746658303
67556.99596090824 94.71031011666196
144324.6986420275 78.76674601378959
