0.0 2.2560785601013436
0.051457975986278104 2.2560785601013436
0.8233276157804457 2.248200357847919
1.7495711835334475 2.280795032664025
2.4185248713550593 2.3133203571081813
2.9845626072041163 2.3619904481421035
3.5506003430531723 2.402574285806753
4.168096054888506 2.483603260392153
4.5797598627787295 2.5484042479414497
4.939965694682675 2.6374501255241727
5.403087478559176 2.7346099966249486
5.763293310463121 2.7993971140998553
6.174957118353344 2.888456861756968
6.586620926243567 2.969430356044809
6.9468267581475125 3.034217473519716
7.564322469982846 3.1152464481051165
8.284734133790737 3.1316131358851185
8.799313893653515 3.042803049567022
9.159519725557459 2.962037606395029
9.468267581475127 2.8489132796715566
9.828473413379072 2.735802823022474
10.034305317324183 2.61456450278095
10.394511149228128 2.452936525916234
10.703259005145794 2.3074671857156726
10.960548885077184 2.1619839754407213
11.269296740994854 2.0246008886094327
11.57804459691252 1.8791315484088713
11.886792452830187 1.7417484615775822
12.092624356775298 1.6285963947053301
12.401372212692966 1.5154720679818574
12.710120068610632 1.3942614878891133
13.121783876500855 1.2003023676216982
13.584905660377355 1.0548746376443061
13.9451114922813 0.9255916742566792
14.305317324185246 0.8124812176075973
14.819897084048026 0.6994123711816838
15.437392795883358 0.5863712649045505
16.10634648370497 0.5137752955481685
17.238421955403084 0.4817354237076561
18.06174957118353 0.4576985847900761
19.19382504288164 0.49843499327301455
20.17152658662092 0.5067847780556929
20.89193825042881 0.5231514658356953
21.766723842195535 0.5233872571003224
22.692967409948537 0.5398094251778836
23.82504288164665 0.5482008201837325
25.06003430531732 0.5889649688154495
25.83190394511149 0.5972592733005695
27.066895368782156 0.6380234219322864
27.94168096054888 0.6382592131969136
29.022298456260714 0.6466367381283722
30.30874785591766 0.65506974335739
31.74957118353344 0.6554581054403052
33.39622641509433 0.6882469612978692
34.88850771869639 0.7048217001937185
36.27787307032589 0.7294549523100611
37.92452830188678 0.7541575547983519
39.5197255574614 0.7788462872122541
40.0 0.7870712413254242
