0.0 0.01622798703610373
0.20583190394511153 0.01622798703610373
0.9262435677530014 0.01642216807756114
2.16123499142367 0.016755049862917204
3.5506003430531723 0.025215795240714822
4.631217838765009 0.0255070668029016
5.403087478559176 0.11466390498074386
5.969125214408232 0.2522827830766601
6.689536878216122 0.4142020315035624
7.101200686106344 0.5517792993763084
7.3584905660377355 0.673142450287342
7.615780445969126 0.7540743343520133
7.873070325900514 0.8835237386323183
8.027444253859347 1.004859149394571
8.336192109777015 1.1181499170107214
8.593481989708403 1.2880305881373877
8.850771869639793 1.4336524991562367
9.159519725557459 1.546943266772387
9.365351629502571 1.6682925476090302
9.62264150943396 1.7734831917815186
9.87993138936535 1.8705875825847345
9.982847341337905 1.9595641097955088
10.651801029159516 2.0648657145631155
11.166380789022297 2.1539532023690082
11.680960548885075 2.20260942332854
12.401372212692966 2.202803604369998
13.070325900514577 2.1544663951214322
13.533447684391078 2.065642438728946
13.842195540308746 1.9767768721132906
14.408233276157802 1.8394631356539508
14.768439108061749 1.7506114391126852
15.231560891938248 1.6294424692431098
15.849056603773583 1.5083151095967042
16.260720411663804 1.4194772831298281
16.826758147512862 1.2579047865626722
17.238421955403084 1.1852394668343407
17.907375643224697 1.0802984840008691
18.576329331046306 0.975357501167398
19.19382504288164 0.8865751549980816
20.068610634648365 0.7736033990928974
20.89193825042881 0.7333940534367733
21.715265866209258 0.6608396943035606
22.692967409948537 0.5883269453935172
23.464837049742705 0.5400174762937309
24.236706689536874 0.4836217538246732
25.111492281303597 0.4515125316122117
25.986277873070318 0.42748956276902206
27.16981132075471 0.3873773076336273
28.147512864493994 0.35529582556994477
29.17667238421955 0.33131446694992484
29.897084048027438 0.30724988788356544
30.874785591766717 0.2913409125584283
31.95540308747855 0.25120091727425287
33.29331046312178 0.21921652573130013
34.47684391080617 0.19527677733444904
35.71183533447684 0.17135089901198874
36.638078902229836 0.16351430698173308
37.615780445969115 0.1476053316565955
38.644939965694675 0.13171022640584784
39.67409948542023 0.12390137452437244
40.0 0.12390137452437244
