0.0 0.0
0.1782581630920721 -0.000005658989304491158
1.8746974012663564 -0.0001131797860900452
3.7494576801916515 0.0023032086469358948
5.3558561107652825 0.009807028464716261
6.335993058306453 0.030026597249731335
7.226340708882727 0.055322279440892075
7.848578021743094 0.08317016580838676
8.64938788599023 0.11100673419727247
9.271876709486353 0.1363193933563469
9.626758216538082 0.15911380227491367
10.338281805091833 0.1869560296531041
10.87047831035155 0.22241525663516515
11.40368085815429 0.24773357478354385
11.758059343934507 0.2755984381189521
12.379542124887609 0.3110520061117086
12.823458396996964 0.3363759832493919
13.177836882777182 0.36424084658480027
13.710284898672654 0.3971648463584405
13.975377108759488 0.4250353686831534
14.41828733832582 0.4605002546545188
14.771408270927255 0.50104125403203
15.214570011129345 0.5339709127949751
15.657228730059922 0.5719710259747611
15.832028621910348 0.6099881161224607
16.363722105898553 0.6505177975213629
16.627305252170846 0.6935996830965991
16.980677695408044 0.7316054552656898
17.42308490370286 0.7721407956538964
17.777211878847325 0.8025408861977252
18.13159036462754 0.8304057495331336
18.574500594193875 0.8658706355044992
19.195983375146977 0.9013242034972556
19.908261495607995 0.921560749250184
20.620791126704766 0.9392620677946921
21.869289922597602 0.9543942051949523
23.02950848534007 0.9593910927508349
23.83635460484535 0.9263822081376267
24.464628172963863 0.8933846415030278
25.003866976024746 0.8578575066493126
25.454071014028003 0.8198008035764814
25.99330981708889 0.7842736687227664
26.62108036393589 0.7563465565050084
27.070026848760367 0.7309659894742802
27.78783820320802 0.6954275366419559
28.594432812077535 0.6649538792371684
29.311741145253677 0.6344858808216853
30.029300989065575 0.6014826551977819
30.658077578455597 0.5634146341463416
31.196813360244967 0.5329579537094677
31.914876225328378 0.4948842736687229
32.45436653902502 0.45682191160658714
32.99335383145015 0.42383000396129267
33.53208961323952 0.3933733235244188
34.160614691993786 0.357840529681399
34.609309666182504 0.3349951898590914
35.23783474493678 0.2994623960160717
35.95438854620564 0.2766000792258504
36.67194839001754 0.24359685360194683
37.56707474267318 0.22072321883311652
38.55274492420098 0.18516778903287867
39.537157552550006 0.1622884952747441
40.34249460824074 0.14449097391205945
41.50522827734078 0.12413558938373592
42.75699671149844 0.10630977307452905
43.91872433805544 0.09609529737988809
44.99116568891906 0.08588648067455162
46.15314482611183 0.07313677777149019
47.761303831135756 0.06289400713032656
49.19038726350141 0.0577330088846133
50.26257710372928 0.050059419387697535
51.69166053609492 0.04489842114198428
52.67406107935789 0.04230094505121418
53.835537195279144 0.0346216965649937
55.086048076258024 0.029472016297889203
55.9786593225561 0.03195065361326499
56.96131137645482 0.02681795031407419
58.47942957387811 0.024186520287476698
59.55061337156295 0.02665383962424328
61.15852086595112 0.018946296191500345
62.319242449965095 0.018872729330541516
63.47996403397909 0.01879916246958291
64.81925816937984 0.01871427763001532
66.06976905035872 0.013564597362911268
67.766208288533 0.013457076566125492
69.1057539345695 0.010836964518137204
70.17718924289011 0.010769056646483088
