298.4719169722707 20.2746999847859
396.6939695276771 22.89350193638287
499.85230465892494 26.13762886739089
591.8351734295035 28.868994294094907
707.0023370958008 32.23987025459703
844.5802600113035 36.404165420756215
991.1491118423571 40.65488246440711
1478.7139496981758 55.38667265712369
1982.8839491270694 68.31756428094664
2932.1181562068086 96.20849683234664
4074.164967019036 124.0295533833018
5319.47443285085 151.30598777438667
6584.6518660794145 182.55380409051787
8078.596319197871 210.73710381440284
9650.637093820456 257.08216133627144
11735.404659222004 300.0669924653549
14397.966485164668 354.1283300677462
17664.61787451202 427.2631555499698
20915.26254032459 487.80854145898724
25433.45761304648 582.0871467434215
30113.724908401357 671.9518121434178
35655.255437770145 793.0134906384898
40381.04988560168 885.6093768933127
44927.23099620656 978.1549878928288
49542.81678150488 1056.7708260770369
