292.48353375727373 1.6468978654828674
385.87821278367926 1.4677992676220686
478.28136774795803 1.2956866975170187
571.936997615432 1.1885022274370178
683.9319933820509 1.0901844923851274
782.1639647828559 0.9999999999999998
878.581996671542 0.9440608762859231
978.1897925196844 0.8743124580220734
1463.1671013004432 0.6683439175686143
1983.5736041867822 0.5360023165391792
2888.625325124861 0.4097321098135415
3951.4262077294375 0.3223542001952464
4986.404062382719 0.2764818754010107
5911.605252772341 0.23487312889293202
6945.168975170328 0.2073321573485955
8014.193407813191 0.18836490894898011
9084.162276699486 0.1711328304161781
10023.45492835652 0.16155980984398746
11061.92601204772 0.1453784385607663
12316.511766843038 0.13335214321633246
14599.061409897698 0.1188502227437019
17778.165749702344 0.10000000000000005
21074.460224395018 0.08743124580220744
25207.75897874009 0.07498942093324562
28832.59428821516 0.0661962417484516
34486.20050102286 0.057323583694677195
39798.875462349795 0.05060188166432631
45114.07066825878 0.045533741044262555
49789.92508971793 0.04058198942243801
