0.009890433130209956 21.81271260987366
0.01186213000443586 18.976923481928623
0.013538761800225453 17.455628235338626
0.015709857612766956 15.615230060004981
0.018229113552267532 13.585152443043285
0.021863159274808298 11.818997619088929
0.027102812091632823 10.282453973607193
0.0383470586252449 8.00250227816106
0.04675805735358166 6.770880692315374
0.06725912237680767 5.124805876960936
0.08618004143604012 4.336074887335488
0.13026643737245414 3.469944916417915
0.20691380811147903 2.700546209105602
0.30259464914454154 2.2849198351169275
0.4425201127301108 2.044014023040823
0.7509276332127561 1.880154542858142
1.11646956825546 1.7782794100389245
2.1983926488622916 1.8285076185938587
3.9201387195613107 1.7782794100389245
6.76306467622345 1.933260255020731
11.103363181676379 2.1017480113324916
15.971631528299737 2.2849198351169275
21.15236109023753 2.349458303797192
28.013567611988673 2.554218608120822
37.718553035962415 2.7768242098727725
61.92500191783997 3.374627229379781
74.26999541917584 3.5679548894019453
121.93388236249105 4.8471211082427015
143.84498882876616 5.269558055352248
178.3184055673608 6.228089410985904
292.7569251189662 8.945670616650865
356.9698846826059 10.572885971935026
480.6380863064384 13.211974960367828
576.4551855100821 16.056288437928856
776.1616010026669 20.63080285531687
994.5065676107909 25.072263786805696
