0  1.7012598e-007            0  1.7439076e-007            
1.1702638e-008  1.7080189e-007            1.1718427e-008  1.7512278e-007            
2.3405276e-008  1.7153803e-007            2.3436854e-008  1.75969e-007            
3.5107914e-008  1.7231244e-007            3.5155281e-008  1.7685879e-007            
4.6810553e-008  1.7312425e-007            4.6873708e-008  1.7752352e-007            
5.8513191e-008  1.7371636e-007            5.8592136e-008  1.7838397e-007            
7.0215829e-008  1.7462925e-007            7.0310563e-008  1.7924824e-007            
8.1918467e-008  1.7561745e-007            8.202899e-008  1.800063e-007            
9.3621105e-008  1.7639276e-007            9.3747417e-008  1.8077102e-007            
1.0532374e-007  1.7728827e-007            1.0546584e-007  1.8161439e-007            
1.1702638e-007  1.7808454e-007            1.1718427e-007  1.8227456e-007            
1.2872902e-007  1.7907503e-007            1.289027e-007  1.8259943e-007            
1.4043166e-007  1.7986251e-007            1.4062113e-007  1.8339969e-007            
1.521343e-007  1.8074967e-007            1.5233955e-007  1.8408181e-007            
1.6383693e-007  1.8182772e-007            1.6405798e-007  1.846446e-007            
1.7553957e-007  1.8288492e-007            1.7577641e-007  1.8498304e-007            
1.8724221e-007  1.8396445e-007            1.8749483e-007  1.8563752e-007            
1.9894485e-007  1.8498051e-007            1.9921326e-007  1.8583191e-007            
2.1064749e-007  1.8611903e-007            2.1093169e-007  1.8630658e-007            
2.2235013e-007  1.8718565e-007            2.2265012e-007  1.8669099e-007            
2.3405276e-007  1.8825234e-007            2.3436854e-007  1.8699322e-007            
2.457554e-007  1.889286e-007            2.4608697e-007  1.8745066e-007            
2.5745804e-007  1.8963391e-007            2.578054e-007  1.8780829e-007            
2.6916068e-007  1.9049088e-007            2.6952382e-007  1.8815415e-007            
2.8086332e-007  1.9140461e-007            2.8124225e-007  1.8845797e-007            
2.9256595e-007  1.9239147e-007            2.9296068e-007  1.8887134e-007            
3.0426859e-007  1.9314683e-007            3.0467911e-007  1.8949933e-007            
3.1597123e-007  1.9396377e-007            3.1639753e-007  1.8989249e-007            
3.2767387e-007  1.9461168e-007            3.2811596e-007  1.9016654e-007            
3.3937651e-007  1.9506561e-007            3.3983439e-007  1.9068538e-007            
3.5107914e-007  1.9590439e-007            3.5155281e-007  1.9108072e-007            
3.6278178e-007  1.9677702e-007            3.6327124e-007  1.9180647e-007            
3.7448442e-007  1.979377e-007            3.7498967e-007  1.9229747e-007            
3.8618706e-007  1.9885048e-007            3.867081e-007  1.9286286e-007            
3.978897e-007  1.9961838e-007            3.9842652e-007  1.9358248e-007            
4.0959234e-007  2.0042078e-007            4.1014495e-007  1.9427204e-007            
4.2129497e-007  2.012669e-007            4.2186338e-007  1.9498912e-007            
4.3299761e-007  2.0170069e-007            4.335818e-007  1.9565192e-007            
4.4470025e-007  2.0219071e-007            4.4530023e-007  1.9606451e-007            
4.5640289e-007  2.0259615e-007            4.5701866e-007  1.9662631e-007            
4.6810553e-007  2.0325052e-007            4.6873708e-007  1.9738314e-007            
4.7980816e-007  2.039801e-007            4.8045551e-007  1.9802971e-007            
4.915108e-007  2.0446431e-007            4.9217394e-007  1.9875752e-007            
5.0321344e-007  2.0477414e-007            5.0389237e-007  1.9926541e-007            
5.1491608e-007  2.0489268e-007            5.1561079e-007  1.9983108e-007            
5.2661872e-007  2.0518238e-007            5.2732922e-007  2.0051606e-007            
5.3832136e-007  2.0525434e-007            5.3904765e-007  2.0115823e-007            
5.5002399e-007  2.0566781e-007            5.5076607e-007  2.019037e-007            
5.6172663e-007  2.0612663e-007            5.624845e-007  2.0259286e-007            
5.7342927e-007  2.0665312e-007            5.7420293e-007  2.0346451e-007            
5.8513191e-007  2.0715648e-007            5.8592136e-007  2.042333e-007            
5.9683455e-007  2.0761455e-007            5.9763978e-007  2.0503868e-007            
6.0853718e-007  2.0816262e-007            6.0935821e-007  2.0576721e-007            
6.2023982e-007  2.0872407e-007            6.2107664e-007  2.0663315e-007            
6.3194246e-007  2.0920995e-007            6.3279506e-007  2.0713414e-007            
6.436451e-007  2.0951393e-007            6.4451349e-007  2.0775193e-007            
6.5534774e-007  2.0997557e-007            6.5623192e-007  2.081984e-007            
6.6705038e-007  2.1047764e-007            6.6795035e-007  2.0861299e-007            
6.7875301e-007  2.1073072e-007            6.7966877e-007  2.0852193e-007            
6.9045565e-007  2.1118879e-007            6.913872e-007  2.0779942e-007            
7.0215829e-007  2.115071e-007            7.0310563e-007  2.0631833e-007            
7.1386093e-007  2.119669e-007            7.1482405e-007  2.0450263e-007            
7.2556357e-007  2.1228398e-007            7.2654248e-007  2.0248004e-007            
7.372662e-007  2.1281135e-007            7.3826091e-007  2.0078443e-007            
7.4896884e-007  2.1306471e-007            7.4997934e-007  1.9928069e-007            
7.6067148e-007  2.1354431e-007            7.6169776e-007  1.9862792e-007            
7.7237412e-007  2.1381899e-007            7.7341619e-007  1.9931929e-007            
7.8407676e-007  2.1423086e-007            7.8513462e-007  2.0018036e-007            
7.9577939e-007  2.1444244e-007            7.9685304e-007  2.024921e-007            
8.0748203e-007  2.1472778e-007            8.0857147e-007  2.0461132e-007            
8.1918467e-007  2.1498159e-007            8.202899e-007  2.0699819e-007            
8.3088731e-007  2.1532044e-007            8.3200833e-007  2.0866824e-007            
8.4258995e-007  2.1519617e-007            8.4372675e-007  2.1027166e-007            
8.5429259e-007  2.1531178e-007            8.5544518e-007  2.113864e-007            
8.6599522e-007  2.1510463e-007            8.6716361e-007  2.1220713e-007            
8.7769786e-007  2.1493362e-007            8.7888203e-007  2.1277115e-007            
8.894005e-007  2.1496283e-007            8.9060046e-007  2.132094e-007            
9.0110314e-007  2.1479599e-007            9.0231889e-007  2.1316724e-007            
9.1280578e-007  2.1498257e-007            9.1403732e-007  2.1298187e-007            
9.2450841e-007  2.1490365e-007            9.2575574e-007  2.1309788e-007            
9.3621105e-007  2.1489232e-007            9.3747417e-007  2.1315781e-007            
9.4791369e-007  2.1453658e-007            9.491926e-007  2.1293084e-007            
9.5961633e-007  2.1447885e-007            9.6091102e-007  2.1304768e-007            
9.7131897e-007  2.1413891e-007            9.7262945e-007  2.1317145e-007            
9.8302161e-007  2.1368161e-007            9.8434788e-007  2.1331612e-007            
9.9472424e-007  2.1332574e-007            9.9606631e-007  2.1345645e-007            
1.0064269e-006  2.1288999e-007            1.0077847e-006  2.1344494e-007            
1.0181295e-006  2.1233935e-007            1.0195032e-006  2.1350569e-007            
1.0298322e-006  2.1203369e-007            1.0312216e-006  2.1325193e-007            
1.0415348e-006  2.1149412e-007            1.04294e-006  2.1319378e-007            
1.0532374e-006  2.1092343e-007            1.0546584e-006  2.1311154e-007            
1.0649401e-006  2.1050829e-007            1.0663769e-006  2.1305282e-007            
1.0766427e-006  2.1000401e-007            1.0780953e-006  2.1283604e-007            
1.0883453e-006  2.094574e-007            1.0898137e-006  2.1231012e-007            
1.100048e-006  2.0896535e-007            1.1015321e-006  2.118693e-007            
1.1117506e-006  2.082896e-007            1.1132506e-006  2.1121269e-007            
1.1234533e-006  2.0753389e-007            1.124969e-006  2.1064758e-007            
1.1351559e-006  2.0707711e-007            1.1366874e-006  2.0971439e-007            
1.1468585e-006  2.0605302e-007            1.1484059e-006  2.0845896e-007            
1.1585612e-006  2.0526184e-007            1.1601243e-006  2.0715444e-007            
1.1702638e-006  2.0403706e-007            1.1718427e-006  2.0603081e-007            
1.1819665e-006  2.028871e-007            1.1835611e-006  2.0468588e-007            
1.1936691e-006  2.0163178e-007            1.1952796e-006  2.0322568e-007            
1.2053717e-006  2.001025e-007            1.206998e-006  2.0210302e-007            
1.2170744e-006  1.9863635e-007            1.2187164e-006  2.0081111e-007            
1.228777e-006  1.9705839e-007            1.2304348e-006  1.9968421e-007            
1.2404796e-006  1.9551498e-007            1.2421533e-006  1.9832059e-007            
1.2521823e-006  1.9390488e-007            1.2538717e-006  1.9682264e-007            
1.2638849e-006  1.9195924e-007            1.2655901e-006  1.9533621e-007            
1.2755876e-006  1.9024403e-007            1.2773086e-006  1.9377717e-007            
1.2872902e-006  1.884627e-007            1.289027e-006  1.9207334e-007            
1.2989928e-006  1.8661414e-007            1.3007454e-006  1.9045803e-007            
1.3106955e-006  1.8492669e-007            1.3124638e-006  1.8875057e-007            
1.3223981e-006  1.8316073e-007            1.3241823e-006  1.8704626e-007            
1.3341008e-006  1.8134824e-007            1.3359007e-006  1.8531014e-007            
1.3458034e-006  1.7933363e-007            1.3476191e-006  1.8343543e-007            
1.357506e-006  1.774911e-007            1.3593375e-006  1.8145879e-007            
1.3692087e-006  1.7571367e-007            1.371056e-006  1.7966258e-007            
1.3809113e-006  1.7385667e-007            1.3827744e-006  1.77777e-007            
1.3926139e-006  1.7189904e-007            1.3944928e-006  1.7591572e-007            
1.4043166e-006  1.6989745e-007            1.4062113e-006  1.7423495e-007            
1.4160192e-006  1.6795775e-007            1.4179297e-006  1.7239406e-007            
1.4277219e-006  1.6602236e-007            1.4296481e-006  1.7052562e-007            
1.4394245e-006  1.6404913e-007            1.4413665e-006  1.686433e-007            
1.4511271e-006  1.6201894e-007            1.453085e-006  1.6685513e-007            
1.4628298e-006  1.6012805e-007            1.4648034e-006  1.6482943e-007            
1.4745324e-006  1.5808438e-007            1.4765218e-006  1.6295195e-007            
1.486235e-006  1.5605267e-007            1.4882402e-006  1.6112468e-007            
1.4979377e-006  1.5431814e-007            1.4999587e-006  1.5943757e-007            
1.5096403e-006  1.5235131e-007            1.5116771e-006  1.5731811e-007            
1.521343e-006  1.505195e-007            1.5233955e-006  1.5529322e-007            
1.5330456e-006  1.4838141e-007            1.535114e-006  1.5325337e-007            
1.5447482e-006  1.4684383e-007            1.5468324e-006  1.5111231e-007            
1.5564509e-006  1.449148e-007            1.5585508e-006  1.4913952e-007            
1.5681535e-006  1.4313214e-007            1.5702692e-006  1.4704467e-007            
1.5798562e-006  1.4131724e-007            1.5819877e-006  1.4506115e-007            
1.5915588e-006  1.3983271e-007            1.5937061e-006  1.4337553e-007            
1.6032614e-006  1.3825407e-007            1.6054245e-006  1.4140082e-007            
1.6149641e-006  1.3647076e-007            1.6171429e-006  1.3962804e-007            
1.6266667e-006  1.3500518e-007            1.6288614e-006  1.3721348e-007            
1.6383693e-006  1.3337072e-007            1.6405798e-006  1.3406432e-007            
1.650072e-006  1.3212687e-007            1.6522982e-006  1.3009391e-007            
1.6617746e-006  1.3059439e-007            1.6640167e-006  1.2628843e-007            
1.6734773e-006  1.2948413e-007            1.6757351e-006  1.2196188e-007            
1.6851799e-006  1.2839937e-007            1.6874535e-006  1.1815353e-007            
1.6968825e-006  1.2733859e-007            1.6991719e-006  1.146575e-007            
1.7085852e-006  1.2595125e-007            1.7108904e-006  1.1241046e-007            
1.7202878e-006  1.2456142e-007            1.7226088e-006  1.1035126e-007            
1.7319904e-006  1.232857e-007            1.7343272e-006  1.0976e-007            
1.7436931e-006  1.2200247e-007            1.7460456e-006  1.1008842e-007            
1.7553957e-006  1.2059381e-007            1.7577641e-006  1.1031267e-007            
1.7670984e-006  1.191108e-007            1.7694825e-006  1.1091364e-007            
1.778801e-006  1.1769168e-007            1.7812009e-006  1.1107763e-007            
1.7905036e-006  1.1634587e-007            1.7929193e-006  1.10595e-007            
1.8022063e-006  1.1505282e-007            1.8046378e-006  1.1036547e-007            
1.8139089e-006  1.1371076e-007            1.8163562e-006  1.0949064e-007            
1.8256116e-006  1.1243274e-007            1.8280746e-006  1.084642e-007            
1.8373142e-006  1.1105354e-007            1.8397931e-006  1.0741804e-007            
1.8490168e-006  1.0972326e-007            1.8515115e-006  1.0604801e-007            
1.8607195e-006  1.082232e-007            1.8632299e-006  1.0490554e-007            
1.8724221e-006  1.066285e-007            1.8749483e-006  1.0383972e-007            
1.8841247e-006  1.0524021e-007            1.8866668e-006  1.0269006e-007            
1.8958274e-006  1.0346903e-007            1.8983852e-006  1.0170912e-007            
1.90753e-006  1.0201262e-007            1.9101036e-006  1.0074837e-007            
1.9192327e-006  1.0085209e-007            1.921822e-006  9.9865602e-008            
1.9309353e-006  1.0011028e-007            1.9335405e-006  9.9017329e-008            
1.9426379e-006  9.9299248e-008            1.9452589e-006  9.8310148e-008            
1.9543406e-006  9.8580671e-008            1.9569773e-006  9.7635837e-008            
1.9660432e-006  9.805889e-008            1.9686958e-006  9.6927804e-008            
1.9777458e-006  9.7456282e-008            1.9804142e-006  9.655222e-008            
1.9894485e-006  9.7200565e-008            1.9921326e-006  9.6196656e-008            
2.0011511e-006  9.7105965e-008            2.003851e-006  9.5900227e-008            
2.0128538e-006  9.7230797e-008            2.0155695e-006  9.5448242e-008            
2.0245564e-006  9.7482084e-008            2.0272879e-006  9.49213e-008            
2.036259e-006  9.7256421e-008            2.0390063e-006  9.4633889e-008            
2.0479617e-006  9.6809679e-008            2.0507247e-006  9.426177e-008            
2.0596643e-006  9.6222119e-008            2.0624432e-006  9.405628e-008            
2.071367e-006  9.5348332e-008            2.0741616e-006  9.3820127e-008            
2.0830696e-006  9.4483061e-008            2.08588e-006  9.3355611e-008            
2.0947722e-006  9.3639161e-008            2.0975985e-006  9.3071418e-008            
2.1064749e-006  9.2544393e-008            2.1093169e-006  9.2773922e-008            
2.1181775e-006  9.1937301e-008            2.1210353e-006  9.2417973e-008            
2.1298801e-006  9.1718085e-008            2.1327537e-006  9.2072269e-008            
2.1415828e-006  9.1220856e-008            2.1444722e-006  9.1981392e-008            
2.1532854e-006  9.1017992e-008            2.1561906e-006  9.1823617e-008            
2.1649881e-006  9.0819768e-008            2.167909e-006  9.1595665e-008            
2.1766907e-006  9.070505e-008            2.1796274e-006  9.1547351e-008            
2.1883933e-006  9.0570483e-008            2.1913459e-006  9.1387782e-008            
2.200096e-006  9.0483948e-008            2.2030643e-006  9.1168173e-008            
2.2117986e-006  9.0375113e-008            2.2147827e-006  9.1049611e-008            
2.2235013e-006  9.0098423e-008            2.2265012e-006  9.0774792e-008            
2.2352039e-006  9.0020004e-008            2.2382196e-006  9.0728416e-008            
2.2469065e-006  8.9961675e-008            2.249938e-006  9.0652667e-008            
2.2586092e-006  8.9984348e-008            2.2616564e-006  9.0711578e-008            
2.2703118e-006  8.9826226e-008            2.2733749e-006  9.0662049e-008            
2.2820144e-006  8.9966837e-008            2.2850933e-006  9.0542223e-008            
2.2937171e-006  9.0022553e-008            2.2968117e-006  9.0351787e-008            
2.3054197e-006  8.9979525e-008            2.3085301e-006  9.0347024e-008            
2.3171224e-006  9.0035281e-008            2.3202486e-006  9.0227582e-008            
2.328825e-006  9.0121609e-008            2.331967e-006  9.0304989e-008            
2.3405276e-006  9.023235e-008            2.3436854e-006  9.0441622e-008            
2.3522303e-006  9.0202294e-008            2.3554039e-006  9.0172881e-008            
2.3639329e-006  9.0131501e-008            2.3671223e-006  9.018474e-008            
2.3756355e-006  9.0183798e-008            2.3788407e-006  9.0358466e-008            
2.3873382e-006  9.0038852e-008            2.3905591e-006  9.0397641e-008            
2.3990408e-006  9.0001814e-008            2.4022776e-006  9.0486218e-008            
2.4107435e-006  8.9992334e-008            2.413996e-006  9.0613107e-008            
2.4224461e-006  9.0229091e-008            2.4257144e-006  9.0756336e-008            
2.4341487e-006  9.0304286e-008            2.4374328e-006  9.0823599e-008            
2.4458514e-006  9.0705837e-008            2.4491513e-006  9.0707611e-008            
2.457554e-006  9.0955131e-008            2.4608697e-006  9.0735812e-008            
2.4692567e-006  9.1252734e-008            2.4725881e-006  9.0683198e-008            
2.4809593e-006  9.1317731e-008            2.4843065e-006  9.0891795e-008            
2.4926619e-006  9.1275179e-008            2.496025e-006  9.1188233e-008            
2.5043646e-006  9.1349724e-008            2.5077434e-006  9.1395691e-008            
2.5160672e-006  9.1508117e-008            2.5194618e-006  9.154897e-008            
2.5277698e-006  9.1417406e-008            2.5311803e-006  9.1687077e-008            
2.5394725e-006  9.1621344e-008            2.5428987e-006  9.1942718e-008            
2.5511751e-006  9.180332e-008            2.5546171e-006  9.1969587e-008            
2.5628778e-006  9.2141484e-008            2.5663355e-006  9.1686041e-008            
2.5745804e-006  9.2469969e-008            2.578054e-006  9.0886045e-008            
2.586283e-006  9.2485185e-008            2.5897724e-006  8.9644683e-008            
2.5979857e-006  9.2573561e-008            2.6014908e-006  8.8001469e-008            
2.6096883e-006  9.2675793e-008            2.6132092e-006  8.5821816e-008            
2.6213909e-006  9.2806878e-008            2.6249277e-006  8.4324968e-008            
2.6330936e-006  9.2853387e-008            2.6366461e-006  8.2429019e-008            
2.6447962e-006  9.2994984e-008            2.6483645e-006  8.2341086e-008            
2.6564989e-006  9.3445721e-008            2.660083e-006  8.192199e-008            
2.6682015e-006  9.3641383e-008            2.6718014e-006  8.3875162e-008            
2.6799041e-006  9.3853793e-008            2.6835198e-006  8.5894014e-008            
2.6916068e-006  9.4045113e-008            2.6952382e-006  8.8764859e-008            
2.7033094e-006  9.4166507e-008            2.7069567e-006  9.0737022e-008            
2.7150121e-006  9.4388044e-008            2.7186751e-006  9.2453695e-008            
2.7267147e-006  9.4670027e-008            2.7303935e-006  9.3491069e-008            
2.7384173e-006  9.4691032e-008            2.7421119e-006  9.4167658e-008            
2.75012e-006  9.4717891e-008            2.7538304e-006  9.4732869e-008            
2.7618226e-006  9.4852085e-008            2.7655488e-006  9.5049175e-008            
2.7735252e-006  9.5051248e-008            2.7772672e-006  9.5351729e-008            
2.7852279e-006  9.5370934e-008            2.7889857e-006  9.5393936e-008            
2.7969305e-006  9.5568785e-008            2.8007041e-006  9.5443124e-008            
2.8086332e-006  9.5887731e-008            2.8124225e-006  9.5432314e-008            
2.8203358e-006  9.5838346e-008            2.8241409e-006  9.5615507e-008            
2.8320384e-006  9.5926193e-008            2.8358594e-006  9.570038e-008            
2.8437411e-006  9.6071195e-008            2.8475778e-006  9.5754982e-008            
2.8554437e-006  9.6385381e-008            2.8592962e-006  9.5757636e-008            
2.8671463e-006  9.6737777e-008            2.8710146e-006  9.6184643e-008            
2.878849e-006  9.6850911e-008            2.8827331e-006  9.6303114e-008            
2.8905516e-006  9.6960013e-008            2.8944515e-006  9.6636729e-008            
2.9022543e-006  9.7304747e-008            2.9061699e-006  9.6833818e-008            
2.9139569e-006  9.7765826e-008            2.9178884e-006  9.7209889e-008            
2.9256595e-006  9.813162e-008            2.9296068e-006  9.7712052e-008            
2.9373622e-006  9.837944e-008            2.9413252e-006  9.8070364e-008            
2.9490648e-006  9.9021103e-008            2.9530436e-006  9.835324e-008            
2.9607675e-006  9.9497252e-008            2.9647621e-006  9.8641312e-008            
2.9724701e-006  9.997911e-008            2.9764805e-006  9.8899833e-008            
2.9841727e-006  1.0039543e-007            2.9881989e-006  9.9174527e-008            
2.9958754e-006  1.0083344e-007            2.9999173e-006  9.9496765e-008            
3.007578e-006  1.012784e-007            3.0116358e-006  9.9836791e-008            
3.0192806e-006  1.0170721e-007            3.0233542e-006  1.0032811e-007            
3.0309833e-006  1.024e-007            3.0350726e-006  1.00664e-007            
3.0426859e-006  1.0291291e-007            3.0467911e-006  1.0107698e-007            
3.0543886e-006  1.033817e-007            3.0585095e-006  1.0150116e-007            
3.0660912e-006  1.039014e-007            3.0702279e-006  1.0222263e-007            
3.0777938e-006  1.044923e-007            3.0819463e-006  1.0269478e-007            
3.0894965e-006  1.0495935e-007            3.0936648e-006  1.0334346e-007            
3.1011991e-006  1.0559244e-007            3.1053832e-006  1.0404734e-007            
3.1129018e-006  1.0621079e-007            3.1171016e-006  1.0456481e-007            
3.1246044e-006  1.0669647e-007            3.12882e-006  1.0491437e-007            
3.136307e-006  1.0713072e-007            3.1405385e-006  1.0543484e-007            
3.1480097e-006  1.0767517e-007            3.1522569e-006  1.0590819e-007            
3.1597123e-006  1.0830301e-007            3.1639753e-006  1.0640176e-007            
3.1714149e-006  1.0900961e-007            3.1756938e-006  1.0718556e-007            
3.1831176e-006  1.0976362e-007            3.1874122e-006  1.0805088e-007            
3.1948202e-006  1.1038441e-007            3.1991306e-006  1.0881336e-007            
3.2065229e-006  1.109781e-007            3.210849e-006  1.0948866e-007            
3.2182255e-006  1.1180552e-007            3.2225675e-006  1.1006007e-007            
3.2299281e-006  1.1275314e-007            3.2342859e-006  1.1072678e-007            
3.2416308e-006  1.1355545e-007            3.2460043e-006  1.1161156e-007            
3.2533334e-006  1.1415968e-007            3.2577227e-006  1.1225494e-007            
3.265036e-006  1.1496386e-007            3.2694412e-006  1.1315549e-007            
3.2767387e-006  1.1595265e-007            3.2811596e-006  1.1394612e-007            
3.2884413e-006  1.1685587e-007            3.292878e-006  1.1455494e-007            
3.300144e-006  1.1773842e-007            3.3045964e-006  1.1530704e-007            
3.3118466e-006  1.184123e-007            3.3163149e-006  1.1597577e-007            
3.3235492e-006  1.191574e-007            3.3280333e-006  1.1687318e-007            
3.3352519e-006  1.2007095e-007            3.3397517e-006  1.1760651e-007            
3.3469545e-006  1.2087751e-007            3.3514702e-006  1.1831193e-007            
3.3586572e-006  1.2154893e-007            3.3631886e-006  1.1936105e-007            
3.3703598e-006  1.2213139e-007            3.374907e-006  1.2048664e-007            
3.3820624e-006  1.229068e-007            3.3866254e-006  1.2140041e-007            
3.3937651e-006  1.2370557e-007            3.3983439e-006  1.2248144e-007            
3.4054677e-006  1.2438299e-007            3.4100623e-006  1.2339344e-007            
3.4171703e-006  1.2494043e-007            3.4217807e-006  1.2462915e-007            
3.428873e-006  1.2533412e-007            3.4334991e-006  1.2608249e-007            
3.4405756e-006  1.2604642e-007            3.4452176e-006  1.2753839e-007            
3.4522783e-006  1.26635e-007            3.456936e-006  1.2846021e-007            
3.4639809e-006  1.2720815e-007            3.4686544e-006  1.2917396e-007            
3.4756835e-006  1.2775132e-007            3.4803729e-006  1.2969714e-007            
3.4873862e-006  1.2839339e-007            3.4920913e-006  1.3006733e-007            
3.4990888e-006  1.2919655e-007            3.5038097e-006  1.2997652e-007            
3.5107914e-006  1.2962169e-007            3.5155281e-006  1.2980263e-007            
3.5224941e-006  1.3040439e-007            3.5272466e-006  1.2903432e-007            
3.5341967e-006  1.3100899e-007            3.538965e-006  1.2803096e-007            
3.5458994e-006  1.316016e-007            3.5506834e-006  1.2682508e-007            
3.557602e-006  1.3210638e-007            3.5624018e-006  1.2558566e-007            
3.5693046e-006  1.3285722e-007            3.5741203e-006  1.2458921e-007            
3.5810073e-006  1.3372516e-007            3.5858387e-006  1.2439539e-007            
3.5927099e-006  1.3448762e-007            3.5975571e-006  1.2539099e-007            
3.6044126e-006  1.3522909e-007            3.6092756e-006  1.2664616e-007            
3.6161152e-006  1.3623034e-007            3.620994e-006  1.2907196e-007            
3.6278178e-006  1.3713676e-007            3.6327124e-006  1.3169224e-007            
3.6395205e-006  1.3795592e-007            3.6444308e-006  1.3482689e-007            
3.6512231e-006  1.3894183e-007            3.6561493e-006  1.3742987e-007            
3.6629257e-006  1.3962184e-007            3.6678677e-006  1.3942608e-007            
3.6746284e-006  1.4031972e-007            3.6795861e-006  1.4071994e-007            
3.686331e-006  1.4083023e-007            3.6913045e-006  1.417001e-007            
3.6980337e-006  1.4139703e-007            3.703023e-006  1.4237761e-007            
3.7097363e-006  1.4198399e-007            3.7147414e-006  1.4283431e-007            
3.7214389e-006  1.4242496e-007            3.7264598e-006  1.4320756e-007            
3.7331416e-006  1.4296478e-007            3.7381783e-006  1.4338456e-007            
3.7448442e-006  1.4350413e-007            3.7498967e-006  1.4356943e-007            
3.7565468e-006  1.4420499e-007            3.7616151e-006  1.440813e-007            
3.7682495e-006  1.4486463e-007            3.7733335e-006  1.4460423e-007            
3.7799521e-006  1.4535194e-007            3.785052e-006  1.4495777e-007            
3.7916548e-006  1.4580619e-007            3.7967704e-006  1.4534203e-007            
3.8033574e-006  1.4656252e-007            3.8084888e-006  1.455901e-007            
3.81506e-006  1.4717369e-007            3.8202072e-006  1.4588791e-007            
3.8267627e-006  1.4770579e-007            3.8319257e-006  1.4648672e-007            
3.8384653e-006  1.481467e-007            3.8436441e-006  1.4676812e-007            
3.850168e-006  1.4895732e-007            3.8553625e-006  1.4707233e-007            
3.8618706e-006  1.49543e-007            3.867081e-006  1.4757265e-007            
3.8735732e-006  1.5017421e-007            3.8787994e-006  1.4796634e-007            
3.8852759e-006  1.5115503e-007            3.8905178e-006  1.4827897e-007            
3.8969785e-006  1.518625e-007            3.9022362e-006  1.4875251e-007            
3.9086811e-006  1.5275725e-007            3.9139547e-006  1.4936785e-007            
3.9203838e-006  1.5359708e-007            3.9256731e-006  1.4999062e-007            
3.9320864e-006  1.5420694e-007            3.9373915e-006  1.5055567e-007            
3.9437891e-006  1.5488509e-007            3.9491099e-006  1.5101904e-007            
3.9554917e-006  1.5577994e-007            3.9608284e-006  1.5159996e-007            
3.9671943e-006  1.5668762e-007            3.9725468e-006  1.5206768e-007            
3.978897e-006  1.5759419e-007            3.9842652e-006  1.5260568e-007            
3.9905996e-006  1.5836903e-007            3.9959836e-006  1.5324632e-007            
4.0023023e-006  1.5917536e-007            4.0077021e-006  1.5391673e-007            
4.0140049e-006  1.5987496e-007            4.0194205e-006  1.5468229e-007            
4.0257075e-006  1.6059192e-007            4.0311389e-006  1.5532382e-007            
4.0374102e-006  1.6159508e-007            4.0428574e-006  1.5623274e-007            
4.0491128e-006  1.6213976e-007            4.0545758e-006  1.5679809e-007            
4.0608154e-006  1.6283857e-007            4.0662942e-006  1.5714501e-007            
4.0725181e-006  1.6350843e-007            4.0780126e-006  1.5773076e-007            
4.0842207e-006  1.640331e-007            4.0897311e-006  1.5835863e-007            
4.0959234e-006  1.6471718e-007            4.1014495e-006  1.590888e-007            
4.107626e-006  1.6532407e-007            4.1131679e-006  1.5969321e-007            
4.1193286e-006  1.6568323e-007            4.1248863e-006  1.6031987e-007            
4.1310313e-006  1.662097e-007            4.1366048e-006  1.6107788e-007            
4.1427339e-006  1.6706209e-007            4.1483232e-006  1.6171108e-007            
4.1544365e-006  1.677043e-007            4.1600416e-006  1.6232688e-007            
4.1661392e-006  1.6796224e-007            4.1717601e-006  1.6304916e-007            
4.1778418e-006  1.6875892e-007            4.1834785e-006  1.635521e-007            
4.1895445e-006  1.6928893e-007            4.1951969e-006  1.6424006e-007            
4.2012471e-006  1.6969844e-007            4.2069153e-006  1.6502192e-007            
4.2129497e-006  1.7030363e-007            4.2186338e-006  1.6577599e-007            
4.2246524e-006  1.7088715e-007            4.2303522e-006  1.6641294e-007            
4.236355e-006  1.7116311e-007            4.2420706e-006  1.6679045e-007            
4.2480577e-006  1.7140613e-007            4.253789e-006  1.6716877e-007            
4.2597603e-006  1.7164484e-007            4.2655075e-006  1.677774e-007            
4.2714629e-006  1.7182571e-007            4.2772259e-006  1.6842817e-007            
4.2831656e-006  1.7224305e-007            4.2889443e-006  1.6868993e-007            
4.2948682e-006  1.7257998e-007            4.3006628e-006  1.6911387e-007            
4.3065708e-006  1.7288513e-007            4.3123812e-006  1.694948e-007            
4.3182735e-006  1.727774e-007            4.3240996e-006  1.6990873e-007            
4.3299761e-006  1.7308802e-007            4.335818e-006  1.7044843e-007            
4.3416788e-006  1.732233e-007            4.3475365e-006  1.708316e-007            
4.3533814e-006  1.7332788e-007            4.3592549e-006  1.7122342e-007            
4.365084e-006  1.735485e-007            4.3709733e-006  1.7170396e-007            
4.3767867e-006  1.7361035e-007            4.3826917e-006  1.7206912e-007            
4.3884893e-006  1.7383378e-007            4.3944102e-006  1.7254582e-007            
4.4001919e-006  1.7412492e-007            4.4061286e-006  1.7309028e-007            
4.4118946e-006  1.7438252e-007            4.417847e-006  1.7373575e-007            
4.4235972e-006  1.7458441e-007            4.4295655e-006  1.7452774e-007            
4.4352999e-006  1.7503368e-007            4.4412839e-006  1.750142e-007            
4.4470025e-006  1.7541903e-007            4.4530023e-006  1.7503834e-007            
4.4587051e-006  1.7567758e-007            4.4647207e-006  1.7486564e-007            
4.4704078e-006  1.762034e-007            4.4764392e-006  1.7408981e-007            
4.4821104e-006  1.7660862e-007            4.4881576e-006  1.7297604e-007            
4.4938131e-006  1.7680945e-007            4.499876e-006  1.717124e-007            
4.5055157e-006  1.7684847e-007            4.5115944e-006  1.7040604e-007            
4.5172183e-006  1.7714384e-007            4.5233129e-006  1.68767e-007            
4.528921e-006  1.7760829e-007            4.5350313e-006  1.6831306e-007            
4.5406236e-006  1.7793389e-007            4.5467497e-006  1.6793054e-007            
4.5523262e-006  1.7864221e-007            4.5584682e-006  1.6847407e-007            
4.5640289e-006  1.792667e-007            4.5701866e-006  1.7033016e-007            
4.5757315e-006  1.7991968e-007            4.581905e-006  1.7270188e-007            
4.5874342e-006  1.8060691e-007            4.5936234e-006  1.7503057e-007            
4.5991368e-006  1.8146058e-007            4.6053419e-006  1.7823515e-007            
4.6108394e-006  1.8212414e-007            4.6170603e-006  1.7997055e-007            
4.6225421e-006  1.8272098e-007            4.6287787e-006  1.8118601e-007            
4.6342447e-006  1.833315e-007            4.6404971e-006  1.8209438e-007            
4.6459473e-006  1.8422452e-007            4.6522156e-006  1.8265612e-007            
4.65765e-006  1.8508044e-007            4.663934e-006  1.831884e-007            
4.6693526e-006  1.8561847e-007            4.6756524e-006  1.8367906e-007            
4.6810553e-006  1.8625707e-007            4.6873708e-006  1.8405367e-007            
4.6927579e-006  1.8680931e-007            4.6990893e-006  1.8428486e-007            
4.7044605e-006  1.8761848e-007            4.7108077e-006  1.8454373e-007            
4.7161632e-006  1.8856787e-007            4.7225261e-006  1.8494484e-007            
4.7278658e-006  1.8923927e-007            4.7342446e-006  1.8544621e-007            
4.7395685e-006  1.898319e-007            4.745963e-006  1.8605096e-007            
4.7512711e-006  1.9050217e-007            4.7576814e-006  1.8645354e-007            
4.7629737e-006  1.9103393e-007            4.7693998e-006  1.8694327e-007            
4.7746764e-006  1.9181804e-007            4.7811183e-006  1.8749935e-007            
4.786379e-006  1.9247493e-007            4.7928367e-006  1.8823025e-007            
4.7980816e-006  1.9293746e-007            4.8045551e-006  1.892251e-007            
4.8097843e-006  1.9352757e-007            4.8162735e-006  1.8989762e-007            
4.8214869e-006  1.9405915e-007            4.827992e-006  1.9087982e-007            
4.8331896e-006  1.945621e-007            4.8397104e-006  1.9180845e-007            
4.8448922e-006  1.9506661e-007            4.8514288e-006  1.9253301e-007            
4.8565948e-006  1.9567236e-007            4.8631473e-006  1.9321009e-007            
4.8682975e-006  1.963065e-007            4.8748657e-006  1.9385264e-007            
4.8800001e-006  1.9683552e-007            4.8865841e-006  1.9455447e-007            
4.8917028e-006  1.9762604e-007            4.8983025e-006  1.9546662e-007            
4.9034054e-006  1.9828917e-007            4.910021e-006  1.9629637e-007            
4.915108e-006  1.9927021e-007            4.9217394e-006  1.9720188e-007            
4.9268107e-006  2.0006073e-007            4.9334578e-006  1.980685e-007            
4.9385133e-006  2.0081187e-007            4.9451762e-006  1.9895366e-007            
4.9502159e-006  2.0152024e-007            4.9568947e-006  1.9975441e-007            
4.9619186e-006  2.0210013e-007            4.9686131e-006  2.005547e-007                    
