0  9.6635235e-008            0  2.1298122e-007            
1.1708151e-008  9.6676196e-008            1.1649274e-008  2.133393e-007            
2.3416303e-008  9.6841039e-008            2.3298548e-008  2.1364874e-007            
3.5124454e-008  9.6752775e-008            3.4947822e-008  2.1377349e-007            
4.6832605e-008  9.6443915e-008            4.6597096e-008  2.1366529e-007            
5.8540757e-008  9.6095712e-008            5.824637e-008  2.1338405e-007            
7.0248908e-008  9.6123392e-008            6.9895643e-008  2.1329702e-007            
8.1957059e-008  9.6268763e-008            8.1544917e-008  2.1315167e-007            
9.3665211e-008  9.6217572e-008            9.3194191e-008  2.1292971e-007            
1.0537336e-007  9.6140448e-008            1.0484347e-007  2.1271137e-007            
1.1708151e-007  9.6022571e-008            1.1649274e-007  2.1241867e-007            
1.2878966e-007  9.6020123e-008            1.2814201e-007  2.1206366e-007            
1.4049782e-007  9.5886223e-008            1.3979129e-007  2.119602e-007            
1.5220597e-007  9.5546394e-008            1.5144056e-007  2.119588e-007            
1.6391412e-007  9.5202922e-008            1.6308983e-007  2.1177604e-007            
1.7562227e-007  9.4945969e-008            1.7473911e-007  2.1174732e-007            
1.8733042e-007  9.4697857e-008            1.8638838e-007  2.1194308e-007            
1.9903857e-007  9.4626204e-008            1.9803766e-007  2.1197433e-007            
2.1074672e-007  9.4498964e-008            2.0968693e-007  2.1196825e-007            
2.2245488e-007  9.427774e-008            2.213362e-007  2.118242e-007            
2.3416303e-007  9.4404998e-008            2.3298548e-007  2.1154279e-007            
2.4587118e-007  9.440935e-008            2.4463475e-007  2.1161653e-007            
2.5757933e-007  9.4161462e-008            2.5628403e-007  2.1156274e-007            
2.6928748e-007  9.3956042e-008            2.679333e-007  2.1162933e-007            
2.8099563e-007  9.3866898e-008            2.7958257e-007  2.1182958e-007            
2.9270378e-007  9.4022229e-008            2.9123185e-007  2.1169531e-007            
3.0441193e-007  9.4248959e-008            3.0288112e-007  2.1166454e-007            
3.1612009e-007  9.430933e-008            3.145304e-007  2.118423e-007            
3.2782824e-007  9.420754e-008            3.2617967e-007  2.117875e-007            
3.3953639e-007  9.4176679e-008            3.3782894e-007  2.1156314e-007            
3.5124454e-007  9.4310562e-008            3.4947822e-007  2.113852e-007            
3.6295269e-007  9.4504027e-008            3.6112749e-007  2.1122404e-007            
3.7466084e-007  9.3962651e-008            3.7277676e-007  2.1068186e-007            
3.8636899e-007  9.3730742e-008            3.8442604e-007  2.0933725e-007            
3.9807715e-007  9.298581e-008            3.9607531e-007  2.0761832e-007            
4.097853e-007  9.1509451e-008            4.0772459e-007  2.0511385e-007            
4.2149345e-007  8.8376443e-008            4.1937386e-007  2.030518e-007            
4.332016e-007  8.6030427e-008            4.3102313e-007  2.002986e-007            
4.4490975e-007  8.493833e-008            4.4267241e-007  1.988425e-007            
4.566179e-007  8.3007451e-008            4.5432168e-007  1.9908166e-007            
4.6832605e-007  8.5559367e-008            4.6597096e-007  1.9929999e-007            
4.800342e-007  8.7564794e-008            4.7762023e-007  2.0143472e-007            
4.9174236e-007  9.0923109e-008            4.892695e-007  2.0393343e-007            
5.0345051e-007  9.480945e-008            5.0091878e-007  2.0651351e-007            
5.1515866e-007  9.5038493e-008            5.1256805e-007  2.0801002e-007            
5.2686681e-007  9.513909e-008            5.2421733e-007  2.0816101e-007            
5.3857496e-007  9.4888533e-008            5.358666e-007  2.0790339e-007            
5.5028311e-007  9.4307075e-008            5.4751587e-007  2.0773127e-007            
5.6199126e-007  9.4412758e-008            5.5916515e-007  2.0754237e-007            
5.7369942e-007  9.459315e-008            5.7081442e-007  2.0756247e-007            
5.8540757e-007  9.4588497e-008            5.824637e-007  2.0758288e-007            
5.9711572e-007  9.4545715e-008            5.9411297e-007  2.0761929e-007            
6.0882387e-007  9.4358474e-008            6.0576224e-007  2.0773932e-007            
6.2053202e-007  9.4190322e-008            6.1741152e-007  2.0767443e-007            
6.3224017e-007  9.4076295e-008            6.2906079e-007  2.0749694e-007            
6.4394832e-007  9.4103726e-008            6.4071006e-007  2.0721536e-007            
6.5565647e-007  9.422325e-008            6.5235934e-007  2.0685286e-007            
6.6736463e-007  9.438556e-008            6.6400861e-007  2.0637028e-007            
6.7907278e-007  9.444035e-008            6.7565789e-007  2.0601873e-007            
6.9078093e-007  9.4185001e-008            6.8730716e-007  2.0592994e-007            
7.0248908e-007  9.3684025e-008            6.9895643e-007  2.0586336e-007            
7.1419723e-007  9.3386055e-008            7.1060571e-007  2.0620854e-007            
7.2590538e-007  9.3455883e-008            7.2225498e-007  2.0678914e-007            
7.3761353e-007  9.3270609e-008            7.3390426e-007  2.0713214e-007            
7.4932169e-007  9.3133549e-008            7.4555353e-007  2.0732958e-007            
7.6102984e-007  9.3082411e-008            7.572028e-007  2.0770707e-007            
7.7273799e-007  9.295308e-008            7.6885208e-007  2.079532e-007            
7.8444614e-007  9.2924586e-008            7.8050135e-007  2.0834153e-007            
7.9615429e-007  9.2787622e-008            7.9215063e-007  2.0863537e-007            
8.0786244e-007  9.2549876e-008            8.037999e-007  2.0886948e-007            
8.1957059e-007  9.2645984e-008            8.1544917e-007  2.0897638e-007            
8.3127874e-007  9.284489e-008            8.2709845e-007  2.0908013e-007            
8.429869e-007  9.2965811e-008            8.3874772e-007  2.0940824e-007            
8.5469505e-007  9.3289355e-008            8.5039699e-007  2.0988682e-007                     
