0  2.6145876e-007            0  2.3414287e-007            0  2.2436198e-007            0  2.1963574e-007            
3.9086328e-008  2.6379634e-007            3.9028378e-008  2.3640386e-007            3.9078511e-008  2.2622755e-007            3.9035828e-008  2.1987327e-007            
7.8172656e-008  2.6600568e-007            7.8056756e-008  2.3808773e-007            7.8157023e-008  2.2881529e-007            7.8071656e-008  2.2202763e-007            
1.1725898e-007  2.680521e-007            1.1708513e-007  2.4016327e-007            1.1723553e-007  2.3139036e-007            1.1710748e-007  2.2323142e-007            
1.5634531e-007  2.7045149e-007            1.5611351e-007  2.4249228e-007            1.5631405e-007  2.3414245e-007            1.5614331e-007  2.2461758e-007            
1.9543164e-007  2.7295896e-007            1.9514189e-007  2.4497977e-007            1.9539256e-007  2.3701227e-007            1.9517914e-007  2.2775925e-007            
2.3451797e-007  2.7554322e-007            2.3417027e-007  2.4844489e-007            2.3447107e-007  2.4185996e-007            2.3421497e-007  2.3298504e-007            
2.7360429e-007  2.7902664e-007            2.7319864e-007  2.5194912e-007            2.7354958e-007  2.4949248e-007            2.732508e-007  2.4010685e-007            
3.1269062e-007  2.8486253e-007            3.1222702e-007  2.5767678e-007            3.1262809e-007  2.5585047e-007            3.1228662e-007  2.4701029e-007            
3.5177695e-007  2.9531433e-007            3.512554e-007  2.6539608e-007            3.517066e-007  2.4940207e-007            3.5132245e-007  2.4356554e-007            
3.9086328e-007  2.9649535e-007            3.9028378e-007  2.5712843e-007            3.9078511e-007  2.2135071e-007            3.9035828e-007  2.1849191e-007            
4.2994961e-007  2.7670515e-007            4.2931216e-007  2.2449535e-007            4.2986362e-007  1.8208906e-007            4.2939411e-007  1.7876805e-007            
4.6903593e-007  2.4079505e-007            4.6834053e-007  1.8410708e-007            4.6894214e-007  1.5383787e-007            4.6842993e-007  1.4635009e-007            
5.0812226e-007  2.0382179e-007            5.0736891e-007  1.5851837e-007            5.0802065e-007  1.4772008e-007            5.0746576e-007  1.3557952e-007            
5.4720859e-007  1.8211551e-007            5.4639729e-007  1.5212204e-007            5.4709916e-007  1.4887541e-007            5.4650159e-007  1.3584586e-007            
5.8629492e-007  1.7687045e-007            5.8542567e-007  1.5108781e-007            5.8617767e-007  1.4845715e-007            5.8553742e-007  1.363046e-007            
6.2538125e-007  1.7641205e-007            6.2445404e-007  1.5079894e-007            6.2525618e-007  1.470177e-007            6.2457325e-007  1.3646115e-007            
6.6446757e-007  1.7531432e-007            6.6348242e-007  1.5028321e-007            6.6433469e-007  1.4497655e-007            6.6360907e-007  1.3712806e-007            
7.035539e-007  1.7407823e-007            7.025108e-007  1.4972548e-007            7.034132e-007  1.4317084e-007            7.026449e-007  1.379141e-007            
7.4264023e-007  1.731463e-007            7.4153918e-007  1.5007423e-007            7.4249171e-007  1.4143974e-007            7.4168073e-007  1.391179e-007            
7.8172656e-007  1.7230775e-007            7.8056756e-007  1.5065616e-007            7.8157023e-007  1.4158901e-007            7.8071656e-007  1.4006047e-007            
8.2081288e-007  1.710768e-007            8.1959593e-007  1.5124633e-007            8.2064874e-007  1.4225988e-007            8.1975239e-007  1.408294e-007            
8.5989921e-007  1.6956043e-007            8.5862431e-007  1.5195498e-007            8.5972725e-007  1.4313896e-007            8.5878821e-007  1.4121623e-007            
8.9898554e-007  1.6874908e-007            8.9765269e-007  1.5301611e-007            8.9880576e-007  1.4373189e-007            8.9782404e-007  1.3958755e-007            
9.3807187e-007  1.6862751e-007            9.3668107e-007  1.5338141e-007            9.3788427e-007  1.4501686e-007            9.3685987e-007  1.3707224e-007            
9.771582e-007  1.6819671e-007            9.7570945e-007  1.5323555e-007            9.7696278e-007  1.4502522e-007            9.758957e-007  1.3474898e-007            
1.0162445e-006  1.6768999e-007            1.0147378e-006  1.5062124e-007            1.0160413e-006  1.4470547e-007            1.0149315e-006  1.3260071e-007            
1.0553309e-006  1.6657375e-007            1.0537662e-006  1.4724083e-007            1.0551198e-006  1.4404183e-007            1.0539674e-006  1.314175e-007            
1.0944172e-006  1.6476876e-007            1.0927946e-006  1.4402779e-007            1.0941983e-006  1.4273398e-007            1.0930032e-006  1.3064659e-007            
1.1335035e-006  1.6157245e-007            1.131823e-006  1.406053e-007            1.1332768e-006  1.4057288e-007            1.132039e-006  1.2974983e-007            
1.1725898e-006  1.572445e-007            1.1708513e-006  1.3791882e-007            1.1723553e-006  1.3728879e-007            1.1710748e-006  1.286643e-007            
1.2116762e-006  1.5235486e-007            1.2098797e-006  1.3540884e-007            1.2114338e-006  1.3419082e-007            1.2101107e-006  1.2687632e-007            
1.2507625e-006  1.4816509e-007            1.2489081e-006  1.3327927e-007            1.2505124e-006  1.3500343e-007            1.2491465e-006  1.2614829e-007            
1.2898488e-006  1.4471093e-007            1.2879365e-006  1.3358091e-007            1.2895909e-006  1.5487109e-007            1.2881823e-006  1.3506714e-007            
1.3289351e-006  1.4577276e-007            1.3269648e-006  1.4662448e-007            1.3286694e-006  1.8473852e-007            1.3272181e-006  1.6051735e-007            
1.3680215e-006  1.6075197e-007            1.3659932e-006  1.7288918e-007            1.3677479e-006  1.9860687e-007            1.366254e-006  1.8414528e-007            
1.4071078e-006  1.8418701e-007            1.4050216e-006  1.9133823e-007            1.4068264e-006  1.9926244e-007            1.4052898e-006  1.9230661e-007            
1.4461941e-006  1.9978633e-007            1.44405e-006  1.9624712e-007            1.4459049e-006  1.9328593e-007            1.4443256e-006  1.8939227e-007            
1.4852805e-006  2.0372681e-007            1.4830784e-006  1.9210773e-007            1.4849834e-006  1.8367817e-007            1.4833615e-006  1.8248501e-007            
1.5243668e-006  1.9881586e-007            1.5221067e-006  1.8457377e-007            1.5240619e-006  1.7442702e-007            1.5223973e-006  1.7440429e-007            
1.5634531e-006  1.9134552e-007            1.5611351e-006  1.7775025e-007            1.5631405e-006  1.678852e-007            1.5614331e-006  1.672867e-007            
1.6025394e-006  1.8649328e-007            1.6001635e-006  1.7222272e-007            1.602219e-006  1.6305332e-007            1.6004689e-006  1.6163599e-007            
1.6416258e-006  1.8230158e-007            1.6391919e-006  1.6728153e-007            1.6412975e-006  1.5874584e-007            1.6395048e-006  1.5686053e-007            
1.6807121e-006  1.7860091e-007            1.6782202e-006  1.6336624e-007            1.680376e-006  1.5497073e-007            1.6785406e-006  1.5299827e-007            
1.7197984e-006  1.7525389e-007            1.7172486e-006  1.5986561e-007            1.7194545e-006  1.5202684e-007            1.7175764e-006  1.4869837e-007            
1.7588848e-006  1.7247069e-007            1.756277e-006  1.5724661e-007            1.758533e-006  1.4906343e-007            1.7566123e-006  1.4509631e-007            
1.7979711e-006  1.7010649e-007            1.7953054e-006  1.5454889e-007            1.7976115e-006  1.4667061e-007            1.7956481e-006  1.4189361e-007            
1.8370574e-006  1.6852818e-007            1.8343338e-006  1.5267589e-007            1.83669e-006  1.4471241e-007            1.8346839e-006  1.3927487e-007            
1.8761437e-006  1.669099e-007            1.8733621e-006  1.5104861e-007            1.8757685e-006  1.4279733e-007            1.8737197e-006  1.3701185e-007            
1.9152301e-006  1.662607e-007            1.9123905e-006  1.4974924e-007            1.9148471e-006  1.4149387e-007            1.9127556e-006  1.3503317e-007            
1.9543164e-006  1.6627219e-007            1.9514189e-006  1.4886218e-007            1.9539256e-006  1.4076994e-007            1.9517914e-006  1.3361581e-007            
1.9934027e-006  1.6703383e-007            1.9904473e-006  1.4832211e-007            1.9930041e-006  1.4028874e-007            1.9908272e-006  1.3269736e-007            
2.032489e-006  1.6939179e-007            2.0294756e-006  1.4773061e-007            2.0320826e-006  1.39765e-007            2.029863e-006  1.3158567e-007            
2.0715754e-006  1.736908e-007            2.068504e-006  1.4726159e-007            2.0711611e-006  1.3993744e-007            2.0688989e-006  1.3126039e-007            
2.1106617e-006  1.7827209e-007            2.1075324e-006  1.4717867e-007            2.1102396e-006  1.4013531e-007            2.1079347e-006  1.3102535e-007            
2.149748e-006  1.8123519e-007            2.1465608e-006  1.4770665e-007            2.1493181e-006  1.4070566e-007            2.1469705e-006  1.3131709e-007            
2.1888344e-006  1.8254356e-007            2.1855892e-006  1.4875448e-007            2.1883966e-006  1.4029862e-007            2.1860064e-006  1.3165986e-007            
2.2279207e-006  1.8262716e-007            2.2246175e-006  1.4843273e-007            2.2274751e-006  1.2935936e-007            2.2250422e-006  1.2515347e-007            
2.267007e-006  1.7586418e-007            2.2636459e-006  1.3780716e-007            2.2665537e-006  1.0881613e-007            2.264078e-006  1.0524977e-007            
2.3060933e-006  1.5302715e-007            2.3026743e-006  1.1553269e-007            2.3056322e-006  9.7214069e-008            2.3031138e-006  9.1328974e-008            
2.3451797e-006  1.318466e-007            2.3417027e-006  1.0519923e-007            2.3447107e-006  9.6234314e-008            2.3421497e-006  8.9189778e-008            
2.384266e-006  1.2850504e-007            2.380731e-006  1.0449131e-007            2.3837892e-006  9.6385921e-008            2.3811855e-006  8.8437246e-008            
2.4233523e-006  1.3062501e-007            2.4197594e-006  1.0471004e-007            2.4228677e-006  9.6848616e-008            2.4202213e-006  8.7392821e-008            
2.4624387e-006  1.3184534e-007            2.4587878e-006  1.0475277e-007            2.4619462e-006  9.7233173e-008            2.4592572e-006  8.637749e-008            
2.501525e-006  1.3191427e-007            2.4978162e-006  1.045635e-007            2.5010247e-006  9.7229951e-008            2.498293e-006  8.5831842e-008            
2.5406113e-006  1.3221407e-007            2.5368446e-006  1.0393921e-007            2.5401032e-006  9.7683762e-008            2.5373288e-006  8.6045839e-008            
2.5796976e-006  1.3153599e-007            2.5758729e-006  1.0300482e-007            2.5791817e-006  9.7528156e-008            2.5763646e-006  8.633487e-008            
2.618784e-006  1.2978641e-007            2.6149013e-006  1.022373e-007            2.6182603e-006  9.7546919e-008            2.6154005e-006  8.6657149e-008            
2.6578703e-006  1.2721393e-007            2.6539297e-006  1.0170714e-007            2.6573388e-006  9.7352141e-008            2.6544363e-006  8.7058772e-008            
2.6969566e-006  1.2505955e-007            2.6929581e-006  1.0155935e-007            2.6964173e-006  9.7150558e-008            2.6934721e-006  8.7357268e-008            
2.7360429e-006  1.2348753e-007            2.7319864e-006  1.0149463e-007            2.7354958e-006  9.7048902e-008            2.732508e-006  8.8073362e-008            
2.7751293e-006  1.2314939e-007            2.7710148e-006  1.0247786e-007            2.7745743e-006  9.656082e-008            2.7715438e-006  8.8352344e-008            
2.8142156e-006  1.2351781e-007            2.8100432e-006  1.0305249e-007            2.8136528e-006  9.59741e-008            2.8105796e-006  8.8735552e-008            
2.8533019e-006  1.2492347e-007            2.8490716e-006  1.0378865e-007            2.8527313e-006  9.6294659e-008            2.8496154e-006  8.9506725e-008            
2.8923883e-006  1.2613977e-007            2.8881e-006  1.0495539e-007            2.8918098e-006  9.7245458e-008            2.8886513e-006  8.9895186e-008            
2.9314746e-006  1.2670338e-007            2.9271283e-006  1.0605572e-007            2.9308883e-006  9.8483357e-008            2.9276871e-006  9.0755654e-008            
2.9705609e-006  1.2654747e-007            2.9661567e-006  1.0675809e-007            2.9699669e-006  9.9365633e-008            2.9667229e-006  9.1046604e-008            
3.0096472e-006  1.2596005e-007            3.0051851e-006  1.0719313e-007            3.0090454e-006  1.0000379e-007            3.0057587e-006  9.1422507e-008            
3.0487336e-006  1.25438e-007            3.0442135e-006  1.0780562e-007            3.0481239e-006  1.0068463e-007            3.0447946e-006  9.1166994e-008            
3.0878199e-006  1.279398e-007            3.0832418e-006  1.0842095e-007            3.0872024e-006  1.0317022e-007            3.0838304e-006  9.2751743e-008            
3.1269062e-006  1.3497355e-007            3.1222702e-006  1.1007533e-007            3.1262809e-006  1.2318447e-007            3.1228662e-006  1.0326395e-007            
3.1659926e-006  1.4793226e-007            3.1612986e-006  1.2137319e-007            3.1653594e-006  1.5282969e-007            3.1619021e-006  1.2673293e-007            
3.2050789e-006  1.7131727e-007            3.200327e-006  1.4890352e-007            3.2044379e-006  1.6864858e-007            3.2009379e-006  1.4769492e-007            
3.2441652e-006  1.969346e-007            3.2393554e-006  1.6988988e-007            3.2435164e-006  1.7300484e-007            3.2399737e-006  1.567969e-007            
3.2832515e-006  2.1611034e-007            3.2783837e-006  1.793144e-007            3.2825949e-006  1.7403284e-007            3.2790095e-006  1.5963698e-007            
3.3223379e-006  2.253856e-007            3.3174121e-006  1.8236968e-007            3.3216735e-006  1.7473317e-007            3.3180454e-006  1.6126503e-007            
3.3614242e-006  2.2679972e-007            3.3564405e-006  1.8386133e-007            3.360752e-006  1.7612284e-007            3.3570812e-006  1.6347223e-007            
3.4005105e-006  2.2329141e-007            3.3954689e-006  1.8573695e-007            3.3998305e-006  1.7807972e-007            3.396117e-006  1.6544002e-007            
3.4395968e-006  2.2022221e-007            3.4344972e-006  1.8755304e-007            3.438909e-006  1.7950436e-007            3.4351529e-006  1.6770628e-007            
3.4786832e-006  2.1913875e-007            3.4735256e-006  1.8933289e-007            3.4779875e-006  1.8150383e-007            3.4741887e-006  1.7005538e-007            
3.5177695e-006  2.1936192e-007            3.512554e-006  1.9084585e-007            3.517066e-006  1.8354102e-007            3.5132245e-006  1.7308266e-007            
3.5568558e-006  2.198318e-007            3.5515824e-006  1.9282825e-007            3.5561445e-006  1.8537033e-007            3.5522603e-006  1.7497339e-007            
3.5959422e-006  2.2072335e-007            3.5906108e-006  1.945529e-007            3.595223e-006  1.8709975e-007            3.5912962e-006  1.7569825e-007            
3.6350285e-006  2.2215013e-007            3.6296391e-006  1.9624001e-007            3.6343015e-006  1.8906095e-007            3.630332e-006  1.7737604e-007            
3.6741148e-006  2.2343191e-007            3.6686675e-006  1.9800772e-007            3.6733801e-006  1.912336e-007            3.6693678e-006  1.7909723e-007            
3.7132011e-006  2.2456526e-007            3.7076959e-006  1.9971398e-007            3.7124586e-006  1.9330414e-007            3.7084036e-006  1.8082304e-007            
3.7522875e-006  2.2548626e-007            3.7467243e-006  2.0221189e-007            3.7515371e-006  1.9474562e-007            3.7474395e-006  1.8315505e-007            
3.7913738e-006  2.2675112e-007            3.7857526e-006  2.0456298e-007            3.7906156e-006  1.9663303e-007            3.7864753e-006  1.8527292e-007            
3.8304601e-006  2.2845587e-007            3.824781e-006  2.0678282e-007            3.8296941e-006  1.9867566e-007            3.8255111e-006  1.8807599e-007            
3.8695465e-006  2.3033738e-007            3.8638094e-006  2.0905826e-007            3.8687726e-006  2.0167814e-007            3.864547e-006  1.9095496e-007            
3.9086328e-006  2.3233711e-007            3.9028378e-006  2.1091603e-007            3.9078511e-006  2.056264e-007            3.9035828e-006  1.9467858e-007            
3.9477191e-006  2.3447042e-007            3.9418662e-006  2.1312235e-007            3.9469296e-006  2.1142375e-007            3.9426186e-006  2.0015053e-007            
3.9868054e-006  2.3787412e-007            3.9808945e-006  2.1632248e-007            3.9860081e-006  2.158372e-007            3.9816544e-006  2.0553364e-007            
4.0258918e-006  2.4335151e-007            4.0199229e-006  2.2113523e-007            4.0250867e-006  2.0516876e-007            4.0206903e-006  2.0015607e-007            
4.0649781e-006  2.4822122e-007            4.0589513e-006  2.173791e-007            4.0641652e-006  1.7453205e-007            4.0597261e-006  1.734057e-007            
4.1040644e-006  2.3500127e-007            4.0979797e-006  1.9003019e-007            4.1032437e-006  1.3999948e-007            4.0987619e-006  1.3972935e-007            
4.1431508e-006  2.0157131e-007            4.137008e-006  1.5401709e-007            4.1423222e-006  1.2414057e-007            4.1377978e-006  1.1929984e-007            
4.1822371e-006  1.665305e-007            4.1760364e-006  1.326207e-007            4.1814007e-006  1.2263146e-007            4.1768336e-006  1.1658386e-007            
4.2213234e-006  1.5064972e-007            4.2150648e-006  1.3029e-007            4.2204792e-006  1.2277012e-007            4.2158694e-006  1.1780908e-007            
4.2604097e-006  1.5062246e-007            4.2540932e-006  1.3020433e-007            4.2595577e-006  1.2326204e-007            4.2549052e-006  1.1855459e-007            
4.2994961e-006  1.5169685e-007            4.2931216e-006  1.3049912e-007            4.2986362e-006  1.2454755e-007            4.2939411e-006  1.1820198e-007            
4.3385824e-006  1.5297992e-007            4.3321499e-006  1.3111539e-007            4.3377148e-006  1.2601407e-007            4.3329769e-006  1.1610565e-007            
4.3776687e-006  1.5465726e-007            4.3711783e-006  1.31998e-007            4.3767933e-006  1.2684013e-007            4.3720127e-006  1.1382931e-007            
4.416755e-006  1.5519137e-007            4.4102067e-006  1.3324286e-007            4.4158718e-006  1.2763413e-007            4.4110485e-006  1.1199177e-007            
4.4558414e-006  1.5500983e-007            4.4492351e-006  1.3389258e-007            4.4549503e-006  1.2857051e-007            4.4500844e-006  1.111755e-007            
4.4949277e-006  1.5451896e-007            4.4882634e-006  1.3262018e-007            4.4940288e-006  1.2909939e-007            4.4891202e-006  1.1193659e-007            
4.534014e-006  1.5386834e-007            4.5272918e-006  1.3119695e-007            4.5331073e-006  1.2835992e-007            4.528156e-006  1.1298976e-007            
4.5731004e-006  1.5379311e-007            4.5663202e-006  1.3101497e-007            4.5721858e-006  1.2693497e-007            4.5671919e-006  1.1426107e-007            
4.6121867e-006  1.5325212e-007            4.6053486e-006  1.316545e-007            4.6112643e-006  1.2655296e-007            4.6062277e-006  1.1618421e-007            
4.651273e-006  1.530346e-007            4.644377e-006  1.3139912e-007            4.6503428e-006  1.2645912e-007            4.6452635e-006  1.1823137e-007            
4.6903593e-006  1.5392467e-007            4.6834053e-006  1.3128938e-007            4.6894214e-006  1.2618488e-007            4.6842993e-006  1.1941265e-007            
4.7294457e-006  1.5473896e-007            4.7224337e-006  1.3191906e-007            4.7284999e-006  1.2617428e-007            4.7233352e-006  1.1987391e-007            
4.768532e-006  1.543114e-007            4.7614621e-006  1.3256318e-007            4.7675784e-006  1.2685434e-007            4.762371e-006  1.2086587e-007            
4.8076183e-006  1.5401106e-007            4.8004905e-006  1.3297326e-007            4.8066569e-006  1.2739107e-007            4.8014068e-006  1.2136183e-007            
4.8467047e-006  1.540801e-007            4.8395188e-006  1.3361703e-007            4.8457354e-006  1.2886e-007            4.8404427e-006  1.2157532e-007            
4.885791e-006  1.5474211e-007            4.8785472e-006  1.3461012e-007            4.8848139e-006  1.3557576e-007            4.8794785e-006  1.2390396e-007            
4.9248773e-006  1.5691151e-007            4.9175756e-006  1.3687557e-007            4.9238924e-006  1.5745432e-007            4.9185143e-006  1.3661206e-007            
4.9639636e-006  1.6151899e-007            4.956604e-006  1.4744857e-007            4.9629709e-006  1.9676671e-007            4.9575501e-006  1.6880828e-007            
5.00305e-006  1.7935175e-007            4.9956324e-006  1.7447215e-007            5.0020494e-006  2.3025696e-007            4.996586e-006  2.0172357e-007            
5.0421363e-006  2.1563806e-007            5.0346607e-006  2.1165606e-007            5.041128e-006  2.4903069e-007            5.0356218e-006  2.2554903e-007            
5.0812226e-006  2.4650797e-007            5.0736891e-006  2.3968825e-007            5.0802065e-006  2.5529929e-007            5.0746576e-006  2.3821994e-007            
5.1203089e-006  2.683781e-007            5.1127175e-006  2.5599368e-007            5.119285e-006  2.5521441e-007            5.1136935e-006  2.4083393e-007            
5.1593953e-006  2.8063929e-007            5.1517459e-006  2.6164442e-007            5.1583635e-006  2.5342262e-007            5.1527293e-006  2.4008429e-007            
5.1984816e-006  2.8536335e-007            5.1907742e-006  2.6165916e-007            5.197442e-006  2.5309849e-007            5.1917651e-006  2.402838e-007            
5.2375679e-006  2.8432717e-007            5.2298026e-006  2.6090876e-007            5.2365205e-006  2.5451195e-007            5.2308009e-006  2.4169372e-007            
5.2766543e-006  2.8200315e-007            5.268831e-006  2.6146347e-007            5.275599e-006  2.5601861e-007            5.2698368e-006  2.4301724e-007            
5.3157406e-006  2.8096677e-007            5.3078594e-006  2.6286953e-007            5.3146775e-006  2.5772657e-007            5.3088726e-006  2.4451326e-007            
5.3548269e-006  2.8106394e-007            5.3468878e-006  2.6353513e-007            5.353756e-006  2.5930703e-007            5.3479084e-006  2.4591077e-007            
5.3939132e-006  2.8115949e-007            5.3859161e-006  2.6479475e-007            5.3928346e-006  2.6039559e-007            5.3869442e-006  2.4735229e-007            
5.4329996e-006  2.8145958e-007            5.4249445e-006  2.6573418e-007            5.4319131e-006  2.6142534e-007            5.4259801e-006  2.4894894e-007            
5.4720859e-006  2.8187169e-007            5.4639729e-006  2.6625349e-007            5.4709916e-006  2.6209269e-007            5.4650159e-006  2.4951779e-007            
5.5111722e-006  2.814852e-007            5.5030013e-006  2.6667807e-007            5.5100701e-006  2.6199086e-007            5.5040517e-006  2.4976597e-007            
5.5502586e-006  2.8034842e-007            5.5420296e-006  2.6677195e-007            5.5491486e-006  2.616093e-007            5.5430876e-006  2.4927399e-007            
5.5893449e-006  2.7858715e-007            5.581058e-006  2.6618814e-007            5.5882271e-006  2.6068222e-007            5.5821234e-006  2.485173e-007            
5.6284312e-006  2.7664176e-007            5.6200864e-006  2.6482122e-007            5.6273056e-006  2.5906459e-007            5.6211592e-006  2.4747082e-007            
5.6675175e-006  2.7356955e-007            5.6591148e-006  2.6270679e-007            5.6663841e-006  2.5709198e-007            5.660195e-006  2.4622073e-007            
5.7066039e-006  2.6999879e-007            5.6981432e-006  2.5977599e-007            5.7054626e-006  2.5441831e-007            5.6992309e-006  2.4465261e-007            
5.7456902e-006  2.655327e-007            5.7371715e-006  2.5640793e-007            5.7445412e-006  2.5159291e-007            5.7382667e-006  2.4317249e-007            
5.7847765e-006  2.6049946e-007            5.7761999e-006  2.5226688e-007            5.7836197e-006  2.4928991e-007            5.7773025e-006  2.4204583e-007            
5.8238628e-006  2.5487818e-007            5.8152283e-006  2.4802008e-007            5.8226982e-006  2.4614498e-007            5.8163384e-006  2.4087599e-007            
5.8629492e-006  2.4980266e-007            5.8542567e-006  2.4393187e-007            5.8617767e-006  2.3464829e-007            5.8553742e-006  2.3477607e-007            
5.9020355e-006  2.4559569e-007            5.893285e-006  2.3893985e-007            5.9008552e-006  2.0152801e-007            5.89441e-006  2.0767183e-007            
5.9411218e-006  2.3657885e-007            5.9323134e-006  2.1854071e-007            5.9399337e-006  1.5576535e-007            5.9334458e-006  1.6210471e-007            
5.9802082e-006  2.0964231e-007            5.9713418e-006  1.7578408e-007            5.9790122e-006  1.2954012e-007            5.9724817e-006  1.295212e-007            
6.0192945e-006  1.6996075e-007            6.0103702e-006  1.3846718e-007            6.0180907e-006  1.2379705e-007            6.0115175e-006  1.2075307e-007            
6.0583808e-006  1.4162961e-007            6.0493986e-006  1.269779e-007            6.0571692e-006  1.2110336e-007            6.0505533e-006  1.1626672e-007            
6.0974671e-006  1.3132068e-007            6.0884269e-006  1.2320923e-007            6.0962478e-006  1.1844164e-007            6.0895891e-006  1.1056834e-007            
6.1365535e-006  1.261284e-007            6.1274553e-006  1.1869256e-007            6.1353263e-006  1.1575373e-007            6.128625e-006  1.0605813e-007            
6.1756398e-006  1.2263488e-007            6.1664837e-006  1.1411382e-007            6.1744048e-006  1.1293248e-007            6.1676608e-006  1.0251795e-007            
6.2147261e-006  1.2021868e-007            6.2055121e-006  1.1104784e-007            6.2134833e-006  1.0980685e-007            6.2066966e-006  1.0013557e-007            
6.2538125e-006  1.1890284e-007            6.2445404e-006  1.0959459e-007            6.2525618e-006  1.0684215e-007            6.2457325e-006  9.8079542e-008            
6.2928988e-006  1.1746307e-007            6.2835688e-006  1.086451e-007            6.2916403e-006  1.0373364e-007            6.2847683e-006  9.6228916e-008            
6.3319851e-006  1.1588371e-007            6.3225972e-006  1.076035e-007            6.3307188e-006  1.0122834e-007            6.3238041e-006  9.4521913e-008            
6.3710714e-006  1.1517226e-007            6.3616256e-006  1.063033e-007            6.3697973e-006  1.0003966e-007            6.3628399e-006  9.3205293e-008            
6.4101578e-006  1.1434858e-007            6.400654e-006  1.0517057e-007            6.4088758e-006  9.9321471e-008            6.4018758e-006  9.1604656e-008            
6.4492441e-006  1.1435032e-007            6.4396823e-006  1.0439272e-007            6.4479544e-006  9.8659501e-008            6.4409116e-006  9.052067e-008            
6.4883304e-006  1.1482898e-007            6.4787107e-006  1.0356938e-007            6.4870329e-006  9.790609e-008            6.4799474e-006  8.9360959e-008            
6.5274167e-006  1.1464369e-007            6.5177391e-006  1.0305013e-007            6.5261114e-006  9.7604846e-008            6.5189833e-006  8.8027728e-008            
6.5665031e-006  1.1454919e-007            6.5567675e-006  1.0263549e-007            6.5651899e-006  9.7224582e-008            6.5580191e-006  8.6946019e-008            
6.6055894e-006  1.1428347e-007            6.5957959e-006  1.0179652e-007            6.6042684e-006  9.6711829e-008            6.5970549e-006  8.5216712e-008            
6.6446757e-006  1.1355195e-007            6.6348242e-006  1.0101728e-007            6.6433469e-006  9.62428e-008            6.6360907e-006  8.3741106e-008            
6.6837621e-006  1.1305602e-007            6.6738526e-006  1.0010085e-007            6.6824254e-006  9.5973006e-008            6.6751266e-006  8.2824483e-008            
6.7228484e-006  1.120579e-007            6.712881e-006  9.8842488e-008            6.7215039e-006  9.5158037e-008            6.7141624e-006  8.2424574e-008            
6.7619347e-006  1.1116632e-007            6.7519094e-006  9.7671012e-008            6.7605824e-006  9.4792547e-008            6.7531982e-006  8.2666708e-008            
6.801021e-006  1.1083264e-007            6.7909377e-006  9.6923737e-008            6.799661e-006  9.9476412e-008            6.792234e-006  8.6644599e-008            
6.8401074e-006  1.1055573e-007            6.8299661e-006  9.9418289e-008            6.8387395e-006  1.1674591e-007            6.8312699e-006  1.0043535e-007            
6.8791937e-006  1.1185593e-007            6.8689945e-006  1.1180585e-007            6.877818e-006  1.3162979e-007            6.8703057e-006  1.174911e-007            
6.91828e-006  1.2391862e-007            6.9080229e-006  1.2998456e-007            6.9168965e-006  1.3631407e-007            6.9093415e-006  1.2459674e-007            
6.9573664e-006  1.4399641e-007            6.9470513e-006  1.4007944e-007            6.955975e-006  1.363615e-007            6.9483774e-006  1.2519056e-007            
6.9964527e-006  1.5291062e-007            6.9860796e-006  1.4181786e-007            6.9950535e-006  1.3594559e-007            6.9874132e-006  1.2538111e-007            
7.035539e-006  1.537114e-007            7.025108e-006  1.4132072e-007            7.034132e-006  1.3664781e-007            7.026449e-006  1.2520065e-007            
7.0746253e-006  1.5362756e-007            7.0641364e-006  1.4142979e-007            7.0732105e-006  1.3730799e-007            7.0654848e-006  1.2514396e-007            
7.1137117e-006  1.5476193e-007            7.1031648e-006  1.416839e-007            7.112289e-006  1.3745474e-007            7.1045207e-006  1.2504378e-007            
7.152798e-006  1.5635665e-007            7.1421931e-006  1.4204386e-007            7.1513676e-006  1.3774818e-007            7.1435565e-006  1.2532241e-007            
7.1918843e-006  1.5686029e-007            7.1812215e-006  1.4226676e-007            7.1904461e-006  1.3811089e-007            7.1825923e-006  1.2555283e-007            
7.2309706e-006  1.5727683e-007            7.2202499e-006  1.4299677e-007            7.2295246e-006  1.3847401e-007            7.2216282e-006  1.2591126e-007            
7.270057e-006  1.5796012e-007            7.2592783e-006  1.4355991e-007            7.2686031e-006  1.3875255e-007            7.260664e-006  1.2669967e-007            
7.3091433e-006  1.5813027e-007            7.2983067e-006  1.4459335e-007            7.3076816e-006  1.3921231e-007            7.2996998e-006  1.2688509e-007            
7.3482296e-006  1.5832181e-007            7.337335e-006  1.4540596e-007            7.3467601e-006  1.4007163e-007            7.3387356e-006  1.2761485e-007            
7.387316e-006  1.5882134e-007            7.3763634e-006  1.4662251e-007            7.3858386e-006  1.4148725e-007            7.3777715e-006  1.2849251e-007            
7.4264023e-006  1.5987444e-007            7.4153918e-006  1.4797804e-007            7.4249171e-006  1.4274942e-007            7.4168073e-006  1.2919862e-007            
7.4654886e-006  1.6080868e-007            7.4544202e-006  1.4881609e-007            7.4639957e-006  1.4412476e-007            7.4558431e-006  1.3031995e-007            
7.5045749e-006  1.6174866e-007            7.4934485e-006  1.5028478e-007            7.5030742e-006  1.4508733e-007            7.4948789e-006  1.3175995e-007            
7.5436613e-006  1.6300535e-007            7.5324769e-006  1.5162474e-007            7.5421527e-006  1.4668843e-007            7.5339148e-006  1.3339018e-007            
7.5827476e-006  1.6461148e-007            7.5715053e-006  1.5318754e-007            7.5812312e-006  1.4916563e-007            7.5729506e-006  1.3546752e-007            
7.6218339e-006  1.6645865e-007            7.6105337e-006  1.5533122e-007            7.6203097e-006  1.5278075e-007            7.6119864e-006  1.3773002e-007            
7.6609203e-006  1.6878422e-007            7.6495621e-006  1.5803117e-007            7.6593882e-006  1.5658783e-007            7.6510223e-006  1.4102203e-007            
7.7000066e-006  1.7148314e-007            7.6885904e-006  1.6222851e-007            7.6984667e-006  1.5842136e-007            7.6900581e-006  1.4433156e-007            
7.7390929e-006  1.7513588e-007            7.7276188e-006  1.6627754e-007            7.7375452e-006  1.4579958e-007            7.7290939e-006  1.3918378e-007            
7.7781792e-006  1.7857077e-007            7.7666472e-006  1.6311557e-007            7.7766237e-006  1.2124594e-007            7.7681297e-006  1.1731104e-007            
7.8172656e-006  1.6972983e-007            7.8056756e-006  1.4422052e-007            7.8157023e-006  1.0688924e-007            7.8071656e-006  9.576967e-008            
7.8563519e-006  1.4418976e-007            7.8447039e-006  1.1869186e-007            7.8547808e-006  1.0550084e-007            7.8462014e-006  9.1232079e-008            
7.8954382e-006  1.2418482e-007            7.8837323e-006  1.0888217e-007            7.8938593e-006  1.0689234e-007            7.8852372e-006  9.1242489e-008            
7.9345246e-006  1.2013996e-007            7.9227607e-006  1.0843374e-007            7.9329378e-006  1.0817328e-007            7.9242731e-006  9.1920012e-008            
7.9736109e-006  1.2125203e-007            7.9617891e-006  1.0879963e-007            7.9720163e-006  1.0794077e-007            7.9633089e-006  9.2788138e-008            
8.0126972e-006  1.2235107e-007            8.0008175e-006  1.0979156e-007            8.0110948e-006  1.0769735e-007            8.0023447e-006  9.3673323e-008            
8.0517835e-006  1.2312342e-007            8.0398458e-006  1.1074637e-007            8.0501733e-006  1.0755282e-007            8.0413805e-006  9.4475392e-008            
8.0908699e-006  1.2448347e-007            8.0788742e-006  1.1209529e-007            8.0892518e-006  1.0788717e-007            8.0804164e-006  9.5704156e-008            
8.1299562e-006  1.2511496e-007            8.1179026e-006  1.1290125e-007            8.1283303e-006  1.0843777e-007            8.1194522e-006  9.6822875e-008            
8.1690425e-006  1.2585366e-007            8.156931e-006  1.1368121e-007            8.1674089e-006  1.0914326e-007            8.158488e-006  9.8209164e-008            
8.2081288e-006  1.2692556e-007            8.1959593e-006  1.1472478e-007            8.2064874e-006  1.0999576e-007            8.1975239e-006  9.9058059e-008            
8.2472152e-006  1.2732708e-007            8.2349877e-006  1.158078e-007            8.2455659e-006  1.1061313e-007            8.2365597e-006  1.0026258e-007            
8.2863015e-006  1.2676243e-007            8.2740161e-006  1.165508e-007            8.2846444e-006  1.1127621e-007            8.2755955e-006  1.0198906e-007            
8.3253878e-006  1.2601692e-007            8.3130445e-006  1.1777672e-007            8.3237229e-006  1.1215173e-007            8.3146313e-006  1.0242827e-007            
8.3644742e-006  1.2493721e-007            8.3520729e-006  1.1864161e-007            8.3628014e-006  1.1344213e-007            8.3536672e-006  1.0186909e-007            
8.4035605e-006  1.2449329e-007            8.3911012e-006  1.1868646e-007            8.4018799e-006  1.1429386e-007            8.392703e-006  1.0080081e-007            
8.4426468e-006  1.2506242e-007            8.4301296e-006  1.1866766e-007            8.4409584e-006  1.1533883e-007            8.4317388e-006  9.9906049e-008            
8.4817331e-006  1.2618408e-007            8.469158e-006  1.177129e-007            8.4800369e-006  1.1654877e-007            8.4707746e-006  1.0033461e-007            
8.5208195e-006  1.2663514e-007            8.5081864e-006  1.1745179e-007            8.5191155e-006  1.1693784e-007            8.5098105e-006  1.0132797e-007            
8.5599058e-006  1.2742311e-007            8.5472147e-006  1.1724857e-007            8.558194e-006  1.1704746e-007            8.5488463e-006  1.0155437e-007            
8.5989921e-006  1.2814369e-007            8.5862431e-006  1.1750136e-007            8.5972725e-006  1.2078438e-007            8.5878821e-006  1.0591919e-007            
8.6380785e-006  1.2835486e-007            8.6252715e-006  1.1969128e-007            8.636351e-006  1.4238086e-007            8.626918e-006  1.1948616e-007            
8.6771648e-006  1.3079112e-007            8.6642999e-006  1.2990173e-007            8.6754295e-006  1.7347483e-007            8.6659538e-006  1.4876341e-007            
8.7162511e-006  1.450016e-007            8.7033283e-006  1.6222702e-007            8.714508e-006  1.9476426e-007            8.7049896e-006  1.7464e-007            
8.7553374e-006  1.8078754e-007            8.7423566e-006  1.95661e-007            8.7535865e-006  2.0459039e-007            8.7440254e-006  1.8846147e-007            
8.7944238e-006  2.1064677e-007            8.781385e-006  2.1290545e-007            8.792665e-006  2.0758365e-007            8.7830613e-006  1.9366776e-007            
8.8335101e-006  2.2678051e-007            8.8204134e-006  2.179581e-007            8.8317435e-006  2.0797046e-007            8.8220971e-006  1.944644e-007            
8.8725964e-006  2.3167662e-007            8.8594418e-006  2.1758215e-007            8.8708221e-006  2.0827181e-007            8.8611329e-006  1.9400628e-007            
8.9116827e-006  2.3105404e-007            8.8984701e-006  2.1616568e-007            8.9099006e-006  2.0940633e-007            8.9001688e-006  1.9484829e-007            
8.9507691e-006  2.2978139e-007            8.9374985e-006  2.1601372e-007            8.9489791e-006  2.1106939e-007            8.9392046e-006  1.9639243e-007            
8.9898554e-006  2.2994237e-007            8.9765269e-006  2.1686125e-007            8.9880576e-006  2.1349397e-007            8.9782404e-006  1.9810288e-007            
9.0289417e-006  2.3099898e-007            9.0155553e-006  2.1821245e-007            9.0271361e-006  2.149788e-007            9.0172762e-006  2.0007919e-007            
9.0680281e-006  2.323868e-007            9.0545837e-006  2.1966981e-007            9.0662146e-006  2.1609004e-007            9.0563121e-006  2.0229356e-007            
9.1071144e-006  2.3413574e-007            9.093612e-006  2.2167998e-007            9.1052931e-006  2.1761415e-007            9.0953479e-006  2.0418394e-007            
9.1462007e-006  2.3538863e-007            9.1326404e-006  2.2326867e-007            9.1443716e-006  2.1891169e-007            9.1343837e-006  2.0596524e-007            
9.185287e-006  2.3676449e-007            9.1716688e-006  2.2559951e-007            9.1834501e-006  2.2028137e-007            9.1734195e-006  2.0776643e-007            
9.2243734e-006  2.384883e-007            9.2106972e-006  2.2779023e-007            9.2225287e-006  2.2214223e-007            9.2124554e-006  2.0946001e-007            
9.2634597e-006  2.4051248e-007            9.2497255e-006  2.3024366e-007            9.2616072e-006  2.2427865e-007            9.2514912e-006  2.1147964e-007            
9.302546e-006  2.4239288e-007            9.2887539e-006  2.3231897e-007            9.3006857e-006  2.2683243e-007            9.290527e-006  2.13882e-007            
9.3416324e-006  2.4420176e-007            9.3277823e-006  2.3438167e-007            9.3397642e-006  2.291784e-007            9.3295629e-006  2.1614472e-007            
9.3807187e-006  2.4642266e-007            9.3668107e-006  2.3672582e-007            9.3788427e-006  2.318359e-007            9.3685987e-006  2.2041922e-007            
9.419805e-006  2.4908845e-007            9.4058391e-006  2.391316e-007            9.4179212e-006  2.3524675e-007            9.4076345e-006  2.2515886e-007            
9.4588913e-006  2.5223819e-007            9.4448674e-006  2.4138065e-007            9.4569997e-006  2.4087543e-007            9.4466703e-006  2.3190242e-007            
9.4979777e-006  2.5611063e-007            9.4838958e-006  2.4499474e-007            9.4960782e-006  2.495778e-007            9.4857062e-006  2.3864694e-007            
9.537064e-006  2.622027e-007            9.5229242e-006  2.5326087e-007            9.5351567e-006  2.5009457e-007            9.524742e-006  2.398524e-007            
9.5761503e-006  2.6963543e-007            9.5619526e-006  2.6060538e-007            9.5742353e-006  2.2854919e-007            9.5637778e-006  2.2781831e-007            
9.6152366e-006  2.7129664e-007            9.6009809e-006  2.5849918e-007            9.6133138e-006  1.9044811e-007            9.6028137e-006  1.957214e-007            
9.654323e-006  2.5359812e-007            9.6400093e-006  2.3536734e-007            9.6523923e-006  1.5750213e-007            9.6418495e-006  1.5810751e-007            
9.6934093e-006  2.1792365e-007            9.6790377e-006  1.950258e-007            9.6914708e-006  1.4548815e-007            9.6808853e-006  1.3652268e-007            
9.7324956e-006  1.7964429e-007            9.7180661e-006  1.6096445e-007            9.7305493e-006  1.4503656e-007            9.7199211e-006  1.3095134e-007            
9.771582e-006  1.5758313e-007            9.7570945e-006  1.458668e-007            9.7696278e-006  1.4594743e-007            9.758957e-006  1.308494e-007            
9.8106683e-006  1.5398998e-007            9.7961228e-006  1.425627e-007            9.8087063e-006  1.4559026e-007            9.7979928e-006  1.3031733e-007            
9.8497546e-006  1.5493895e-007            9.8351512e-006  1.4181596e-007            9.8477848e-006  1.4402695e-007            9.8370286e-006  1.3099367e-007            
9.8888409e-006  1.561855e-007            9.8741796e-006  1.4149697e-007            9.8868633e-006  1.417641e-007            9.8760644e-006  1.3245601e-007            
9.9279273e-006  1.5672479e-007            9.913208e-006  1.4209602e-007            9.9259419e-006  1.4003018e-007            9.9151003e-006  1.345693e-007            
9.9670136e-006  1.5799923e-007            9.9522363e-006  1.4363017e-007            9.9650204e-006  1.3893572e-007            9.9541361e-006  1.3551937e-007            
1.00061e-005  1.5926528e-007            9.9912647e-006  1.4554266e-007            1.0004099e-005  1.3869079e-007            9.9931719e-006  1.3522569e-007            
1.0045186e-005  1.6053768e-007            1.0030293e-005  1.4688787e-007            1.0043177e-005  1.3892461e-007            1.0032208e-005  1.3532728e-007            
1.0084273e-005  1.6135223e-007            1.0069321e-005  1.4732752e-007            1.0082256e-005  1.4001934e-007            1.0071244e-005  1.357711e-007            
1.0123359e-005  1.6085887e-007            1.010835e-005  1.4817531e-007            1.0121334e-005  1.4080809e-007            1.0110279e-005  1.3553245e-007            
1.0162445e-005  1.5872612e-007            1.0147378e-005  1.488337e-007            1.0160413e-005  1.4021558e-007            1.0149315e-005  1.3488714e-007            
1.0201532e-005  1.5543376e-007            1.0186407e-005  1.4927957e-007            1.0199491e-005  1.3982681e-007            1.0188351e-005  1.3350114e-007            
1.0240618e-005  1.5268495e-007            1.0225435e-005  1.4743305e-007            1.023857e-005  1.3859774e-007            1.0227387e-005  1.311085e-007            
1.0279704e-005  1.5081065e-007            1.0264463e-005  1.4476679e-007            1.0277648e-005  1.3732302e-007            1.0266423e-005  1.2874631e-007            
1.0318791e-005  1.4882713e-007            1.0303492e-005  1.4209473e-007            1.0316727e-005  1.3682935e-007            1.0305459e-005  1.2655957e-007            
1.0357877e-005  1.4772242e-007            1.034252e-005  1.3900487e-007            1.0355805e-005  1.3476906e-007            1.0344494e-005  1.2427155e-007            
1.0396963e-005  1.4641879e-007            1.0381548e-005  1.3622732e-007            1.0394884e-005  1.3265591e-007            1.038353e-005  1.2154353e-007            
1.043605e-005  1.447256e-007            1.0420577e-005  1.3361503e-007            1.0433963e-005  1.3071903e-007            1.0422566e-005  1.199649e-007            
1.0475136e-005  1.4235032e-007            1.0459605e-005  1.315195e-007            1.0473041e-005  1.3332282e-007            1.0461602e-005  1.2728337e-007            
1.0514222e-005  1.3955129e-007            1.0498634e-005  1.3145674e-007            1.051212e-005  1.5098966e-007            1.0500638e-005  1.5156063e-007            
1.0553309e-005  1.3748339e-007            1.0537662e-005  1.4252063e-007            1.0551198e-005  1.7577863e-007            1.0539674e-005  1.7631014e-007            
1.0592395e-005  1.4461175e-007            1.057669e-005  1.6700852e-007            1.0590277e-005  1.8863709e-007            1.0578709e-005  1.8757288e-007            
1.0631481e-005  1.6869652e-007            1.0615719e-005  1.8749011e-007            1.0629355e-005  1.9148136e-007            1.0617745e-005  1.8845895e-007            
1.0670567e-005  1.9103747e-007            1.0654747e-005  1.939419e-007            1.0668434e-005  1.8686041e-007            1.0656781e-005  1.8392203e-007            
1.0709654e-005  1.9839328e-007            1.0693776e-005  1.9166477e-007            1.0707512e-005  1.7855474e-007            1.0695817e-005  1.7626467e-007            
1.074874e-005  1.9561165e-007            1.0732804e-005  1.8501004e-007            1.0746591e-005  1.7123797e-007            1.0734853e-005  1.6775868e-007            
1.0787826e-005  1.8849074e-007            1.0771832e-005  1.767167e-007            1.0785669e-005  1.6563666e-007            1.0773888e-005  1.6039349e-007            
1.0826913e-005  1.8128592e-007            1.0810861e-005  1.6979384e-007            1.0824748e-005  1.6038316e-007            1.0812924e-005  1.5513145e-007            
1.0865999e-005  1.7606158e-007            1.0849889e-005  1.6506316e-007            1.0863826e-005  1.5536395e-007            1.085196e-005  1.5045997e-007            
1.0905085e-005  1.7183299e-007            1.0888917e-005  1.6102169e-007            1.0902905e-005  1.5127931e-007            1.0890996e-005  1.4592309e-007            
1.0944172e-005  1.6762522e-007            1.0927946e-005  1.5775656e-007            1.0941983e-005  1.4775251e-007            1.0930032e-005  1.4189512e-007            
1.0983258e-005  1.6434141e-007            1.0966974e-005  1.5399085e-007            1.0981062e-005  1.4493731e-007            1.0969068e-005  1.3810509e-007            
1.1022344e-005  1.617641e-007            1.1006003e-005  1.5090914e-007            1.102014e-005  1.4266522e-007            1.1008103e-005  1.3510794e-007            
1.1061431e-005  1.5956101e-007            1.1045031e-005  1.4824657e-007            1.1059219e-005  1.4056711e-007            1.1047139e-005  1.3212797e-007            
1.1100517e-005  1.5796829e-007            1.1084059e-005  1.4610505e-007            1.1098297e-005  1.3900011e-007            1.1086175e-005  1.2988845e-007            
1.1139603e-005  1.5651795e-007            1.1123088e-005  1.4404814e-007            1.1137376e-005  1.377557e-007            1.1125211e-005  1.2800846e-007            
1.117869e-005  1.5477515e-007            1.1162116e-005  1.4239222e-007            1.1176454e-005  1.3701683e-007            1.1164247e-005  1.2671848e-007            
1.1217776e-005  1.5324609e-007            1.1201144e-005  1.415709e-007            1.1215533e-005  1.3639843e-007            1.1203283e-005  1.2551717e-007            
1.1256862e-005  1.5246083e-007            1.1240173e-005  1.4150911e-007            1.1254611e-005  1.3587146e-007            1.1242318e-005  1.2448634e-007            
1.1295949e-005  1.5221959e-007            1.1279201e-005  1.4101691e-007            1.129369e-005  1.3561255e-007            1.1281354e-005  1.2398758e-007            
1.1335035e-005  1.5213317e-007            1.131823e-005  1.4069473e-007            1.1332768e-005  1.358481e-007            1.132039e-005  1.2389246e-007            
1.1374121e-005  1.5160666e-007            1.1357258e-005  1.4067358e-007            1.1371847e-005  1.3663359e-007            1.1359426e-005  1.2498983e-007            
1.1413208e-005  1.516385e-007            1.1396286e-005  1.413242e-007            1.1410925e-005  1.3590474e-007            1.1398462e-005  1.2609119e-007            
1.1452294e-005  1.5212725e-007            1.1435315e-005  1.4268355e-007            1.1450004e-005  1.2213312e-007            1.1437498e-005  1.1804931e-007            
1.149138e-005  1.5308705e-007            1.1474343e-005  1.4162229e-007            1.1489082e-005  1.0071622e-007            1.1476533e-005  9.7774081e-008            
1.1530467e-005  1.4817817e-007            1.1513371e-005  1.2939125e-007            1.1528161e-005  9.2473731e-008            1.1515569e-005  8.3697418e-008            
1.1569553e-005  1.2830278e-007            1.15524e-005  1.0957018e-007            1.1567239e-005  9.1627547e-008            1.1554605e-005  8.1589608e-008            
1.1608639e-005  1.1157084e-007            1.1591428e-005  1.0073514e-007            1.1606318e-005  9.1393102e-008            1.1593641e-005  8.1589124e-008            
1.1647726e-005  1.0844204e-007            1.1630457e-005  9.938782e-008            1.1645396e-005  9.1098763e-008            1.1632677e-005  8.1625893e-008            
1.1686812e-005  1.0777854e-007            1.1669485e-005  9.9282676e-008            1.1684475e-005  9.0942826e-008            1.1671713e-005  8.1387593e-008            
1.1725898e-005  1.0667854e-007            1.1708513e-005  9.9857181e-008            1.1723553e-005  9.1417361e-008            1.1710748e-005  8.0804667e-008            
1.1764985e-005  1.0610207e-007            1.1747542e-005  1.0002134e-007            1.1762632e-005  9.109665e-008            1.1749784e-005  8.0352049e-008            
1.1804071e-005  1.057982e-007            1.178657e-005  9.9503652e-008            1.180171e-005  9.1289945e-008            1.178882e-005  8.0308841e-008            
1.1843157e-005  1.0570193e-007            1.1825598e-005  9.8475475e-008            1.1840789e-005  9.1567192e-008            1.1827856e-005  8.0005771e-008            
1.1882244e-005  1.0586028e-007            1.1864627e-005  9.7751166e-008            1.1879867e-005  9.1110618e-008            1.1866892e-005  7.9590497e-008            
1.192133e-005  1.0603034e-007            1.1903655e-005  9.7685292e-008            1.1918946e-005  9.0266637e-008            1.1905927e-005  7.9542272e-008            
1.1960416e-005  1.0661427e-007            1.1942684e-005  9.8714401e-008            1.1958024e-005  8.9291212e-008            1.1944963e-005  7.9891471e-008            
1.1999503e-005  1.0649459e-007            1.1981712e-005  9.9175775e-008            1.1997103e-005  8.8806487e-008            1.1983999e-005  8.0465817e-008            
1.2038589e-005  1.0656265e-007            1.202074e-005  9.9531042e-008            1.2036181e-005  8.940011e-008            1.2023035e-005  8.1518112e-008            
1.2077675e-005  1.0763199e-007            1.2059769e-005  1.0003833e-007            1.207526e-005  8.9817215e-008            1.2062071e-005  8.2564924e-008            
1.2116762e-005  1.0880942e-007            1.2098797e-005  1.0067606e-007            1.2114338e-005  9.0592398e-008            1.2101107e-005  8.3242451e-008            
1.2155848e-005  1.0925246e-007            1.2137825e-005  1.0168812e-007            1.2153417e-005  9.1091124e-008            1.2140142e-005  8.3091088e-008            
1.2194934e-005  1.0921545e-007            1.2176854e-005  1.0286481e-007            1.2192496e-005  9.1537881e-008            1.2179178e-005  8.2575824e-008            
1.2234021e-005  1.0977588e-007            1.2215882e-005  1.032925e-007            1.2231574e-005  9.2057996e-008            1.2218214e-005  8.205863e-008            
1.2273107e-005  1.1007898e-007            1.2254911e-005  1.0281744e-007            1.2270653e-005  9.2882534e-008            1.225725e-005  8.2357644e-008            
1.2312193e-005  1.0931776e-007            1.2293939e-005  1.0243471e-007            1.2309731e-005  9.4143346e-008            1.2296286e-005  8.4305525e-008            
1.235128e-005  1.0903323e-007            1.2332967e-005  1.0256294e-007            1.234881e-005  1.0528192e-007            1.2335322e-005  9.2146768e-008            
1.2390366e-005  1.0939918e-007            1.2371996e-005  1.0479862e-007            1.2387888e-005  1.3060945e-007            1.2374357e-005  1.1668055e-007            
1.2429452e-005  1.1231545e-007            1.2411024e-005  1.1982737e-007            1.2426967e-005  1.4959674e-007            1.2413393e-005  1.3687275e-007            
1.2468539e-005  1.2566957e-007            1.2450053e-005  1.4590398e-007            1.2466045e-005  1.5833895e-007            1.2452429e-005  1.4647935e-007            
1.2507625e-005  1.5063621e-007            1.2489081e-005  1.6413372e-007            1.2505124e-005  1.6126514e-007            1.2491465e-005  1.4935032e-007            
1.2546711e-005  1.7185592e-007            1.2528109e-005  1.7204034e-007            1.2544202e-005  1.6296245e-007            1.2530501e-005  1.5026642e-007            
1.2585798e-005  1.8175855e-007            1.2567138e-005  1.7451345e-007            1.2583281e-005  1.6448054e-007            1.2569537e-005  1.524073e-007            
1.2624884e-005  1.8512204e-007            1.2606166e-005  1.7525203e-007            1.2622359e-005  1.6690808e-007            1.2608572e-005  1.5514502e-007            
1.266397e-005  1.8671838e-007            1.2645194e-005  1.7647116e-007            1.2661438e-005  1.6937285e-007            1.2647608e-005  1.5758005e-007            
1.2703057e-005  1.8836182e-007            1.2684223e-005  1.784217e-007            1.2700516e-005  1.7147254e-007            1.2686644e-005  1.5972105e-007            
1.2742143e-005  1.9027175e-007            1.2723251e-005  1.8015535e-007            1.2739595e-005  1.7375581e-007            1.272568e-005  1.6183946e-007            
1.2781229e-005  1.9238914e-007            1.276228e-005  1.8181476e-007            1.2778673e-005  1.7580414e-007            1.2764716e-005  1.6342451e-007            
1.2820316e-005  1.9440491e-007            1.2801308e-005  1.8358845e-007            1.2817752e-005  1.776995e-007            1.2803752e-005  1.6512022e-007            
1.2859402e-005  1.9601911e-007            1.2840336e-005  1.851384e-007            1.285683e-005  1.7949988e-007            1.2842787e-005  1.669998e-007            
1.2898488e-005  1.9769457e-007            1.2879365e-005  1.8723106e-007            1.2895909e-005  1.8175396e-007            1.2881823e-005  1.6876072e-007            
1.2937575e-005  1.9942243e-007            1.2918393e-005  1.8922722e-007            1.2934987e-005  1.836439e-007            1.2920859e-005  1.7041113e-007            
1.2976661e-005  2.0141959e-007            1.2957421e-005  1.9155444e-007            1.2974066e-005  1.8506789e-007            1.2959895e-005  1.7241134e-007            
1.3015747e-005  2.0325978e-007            1.299645e-005  1.9356947e-007            1.3013144e-005  1.866085e-007            1.2998931e-005  1.7461474e-007            
1.3054833e-005  2.0564723e-007            1.3035478e-005  1.95117e-007            1.3052223e-005  1.8849669e-007            1.3037967e-005  1.7656915e-007            
1.309392e-005  2.0745058e-007            1.3074507e-005  1.9687715e-007            1.3091301e-005  1.9081597e-007            1.3077002e-005  1.7886539e-007            
1.3133006e-005  2.0970175e-007            1.3113535e-005  1.9868016e-007            1.313038e-005  1.929466e-007            1.3116038e-005  1.8204251e-007            
1.3172092e-005  2.1171731e-007            1.3152563e-005  2.0055446e-007            1.3169458e-005  1.9647455e-007            1.3155074e-005  1.869011e-007            
1.3211179e-005  2.1343754e-007            1.3191592e-005  2.0308023e-007            1.3208537e-005  2.0260067e-007            1.319411e-005  1.9325946e-007            
1.3250265e-005  2.1552788e-007            1.323062e-005  2.0732996e-007            1.3247615e-005  2.056398e-007            1.3233146e-005  1.9704939e-007            
1.3289351e-005  2.189525e-007            1.3269648e-005  2.1442919e-007            1.3286694e-005  1.8958134e-007            1.3272181e-005  1.8608008e-007            
1.3328438e-005  2.2334724e-007            1.3308677e-005  2.175394e-007            1.3325772e-005  1.5537295e-007            1.3311217e-005  1.5579535e-007            
1.3367524e-005  2.2386037e-007            1.3347705e-005  2.0552453e-007            1.3364851e-005  1.2481001e-007            1.3350253e-005  1.2265028e-007            
1.340661e-005  2.0698456e-007            1.3386734e-005  1.7584896e-007            1.3403929e-005  1.158803e-007            1.3389289e-005  1.0911255e-007            
1.3445697e-005  1.739713e-007            1.3425762e-005  1.4331559e-007            1.3443008e-005  1.1638355e-007            1.3428325e-005  1.0893064e-007            
1.3484783e-005  1.4619092e-007            1.346479e-005  1.2960817e-007            1.3482086e-005  1.1746424e-007            1.3467361e-005  1.0981436e-007            
1.3523869e-005  1.3829481e-007            1.3503819e-005  1.2908329e-007            1.3521165e-005  1.1897404e-007            1.3506396e-005  1.1028871e-007            
1.3562956e-005  1.3793107e-007            1.3542847e-005  1.2979149e-007            1.3560243e-005  1.2078635e-007            1.3545432e-005  1.110252e-007            
1.3602042e-005  1.3757066e-007            1.3581875e-005  1.2985732e-007            1.3599322e-005  1.2101171e-007            1.3584468e-005  1.1146231e-007            
1.3641128e-005  1.3648324e-007            1.3620904e-005  1.2884675e-007            1.36384e-005  1.2069357e-007            1.3623504e-005  1.1086809e-007            
1.3680215e-005  1.3553291e-007            1.3659932e-005  1.2747753e-007            1.3677479e-005  1.2081355e-007            1.366254e-005  1.097206e-007            
1.3719301e-005  1.3658291e-007            1.3698961e-005  1.2623332e-007            1.3716557e-005  1.2009796e-007            1.3701576e-005  1.0843188e-007            
1.3758387e-005  1.3693664e-007            1.3737989e-005  1.260311e-007            1.3755636e-005  1.1889774e-007            1.3740611e-005  1.0726259e-007            
1.3797474e-005  1.3634327e-007            1.3777017e-005  1.268574e-007            1.3794714e-005  1.1809744e-007            1.3779647e-005  1.0712392e-007            
1.383656e-005  1.3649732e-007            1.3816046e-005  1.290131e-007            1.3833793e-005  1.1716502e-007            1.3818683e-005  1.0765818e-007            
1.3875646e-005  1.3722561e-007            1.3855074e-005  1.3060928e-007            1.3872871e-005  1.1674499e-007            1.3857719e-005  1.0897809e-007            
1.3914733e-005  1.3856883e-007            1.3894103e-005  1.3148558e-007            1.391195e-005  1.1688614e-007            1.3896755e-005  1.0952454e-007            
1.3953819e-005  1.4016736e-007            1.3933131e-005  1.3228403e-007            1.3951029e-005  1.174701e-007            1.3935791e-005  1.1034674e-007            
1.3992905e-005  1.4075911e-007            1.3972159e-005  1.34921e-007            1.3990107e-005  1.1827887e-007            1.3974826e-005  1.1204258e-007            
1.4031992e-005  1.4133054e-007            1.4011188e-005  1.3722134e-007            1.4029186e-005  1.1983267e-007            1.4013862e-005  1.1322862e-007            
1.4071078e-005  1.4183479e-007            1.4050216e-005  1.3794857e-007            1.4068264e-005  1.224416e-007            1.4052898e-005  1.1395246e-007            
1.4110164e-005  1.4225206e-007            1.4089244e-005  1.3806678e-007            1.4107343e-005  1.2414487e-007            1.4091934e-005  1.1472299e-007            
1.4149251e-005  1.4177663e-007            1.4128273e-005  1.3815291e-007            1.4146421e-005  1.290759e-007            1.413097e-005  1.1969653e-007            
1.4188337e-005  1.4069134e-007            1.4167301e-005  1.3786886e-007            1.41855e-005  1.5073276e-007            1.4170006e-005  1.3783518e-007            
1.4227423e-005  1.4040595e-007            1.420633e-005  1.3983682e-007            1.4224578e-005  1.875856e-007            1.4209041e-005  1.6822393e-007            
1.426651e-005  1.441386e-007            1.4245358e-005  1.5652585e-007            1.4263657e-005  2.1889707e-007            1.4248077e-005  2.0282971e-007            
1.4305596e-005  1.6080526e-007            1.4284386e-005  1.9574964e-007            1.4302735e-005  2.380061e-007            1.4287113e-005  2.2646383e-007            
1.4344682e-005  1.9362316e-007            1.4323415e-005  2.3079034e-007            1.4341814e-005  2.4650483e-007            1.4326149e-005  2.3782008e-007            
1.4383769e-005  2.2573467e-007            1.4362443e-005  2.5006806e-007            1.4380892e-005  2.4757001e-007            1.4365185e-005  2.4059429e-007            
1.4422855e-005  2.4876818e-007            1.4401471e-005  2.5812396e-007            1.4419971e-005  2.4514492e-007            1.440422e-005  2.3825198e-007            
1.4461941e-005  2.6101828e-007            1.44405e-005  2.6120236e-007            1.4459049e-005  2.4347878e-007            1.4443256e-005  2.3486285e-007            
1.4501028e-005  2.6544674e-007            1.4479528e-005  2.6088498e-007            1.4498128e-005  2.4456988e-007            1.4482292e-005  2.342766e-007            
1.4540114e-005  2.6568603e-007            1.4518557e-005  2.6018351e-007            1.4537206e-005  2.4627233e-007            1.4521328e-005  2.3551185e-007            
1.45792e-005  2.6562525e-007            1.4557585e-005  2.6135314e-007            1.4576285e-005  2.4846502e-007            1.4560364e-005  2.3758398e-007            
1.4618287e-005  2.6645646e-007            1.4596613e-005  2.6210293e-007            1.4615363e-005  2.5032112e-007            1.45994e-005  2.3941572e-007            
1.4657373e-005  2.6757874e-007            1.4635642e-005  2.6321057e-007            1.4654442e-005  2.5187702e-007            1.4638435e-005  2.4088164e-007            
1.4696459e-005  2.6922275e-007            1.467467e-005  2.6459414e-007            1.469352e-005  2.5298032e-007            1.4677471e-005  2.4240096e-007            
1.4735546e-005  2.7058355e-007            1.4713698e-005  2.6597624e-007            1.4732599e-005  2.5355372e-007            1.4716507e-005  2.4366777e-007            
1.4774632e-005  2.7188538e-007            1.4752727e-005  2.6670383e-007            1.4771677e-005  2.5349125e-007            1.4755543e-005  2.4414576e-007            
1.4813718e-005  2.7210162e-007            1.4791755e-005  2.6602869e-007            1.4810756e-005  2.5350879e-007            1.4794579e-005  2.4478481e-007            
1.4852805e-005  2.7221671e-007            1.4830784e-005  2.645526e-007            1.4849834e-005  2.530246e-007            1.4833615e-005  2.4488384e-007            
1.4891891e-005  2.7152664e-007            1.4869812e-005  2.6344847e-007            1.4888913e-005  2.5200975e-007            1.487265e-005  2.446169e-007            
1.4930977e-005  2.7039866e-007            1.490884e-005  2.6251464e-007            1.4927991e-005  2.5033789e-007            1.4911686e-005  2.4391184e-007            
1.4970064e-005  2.6900423e-007            1.4947869e-005  2.6096763e-007            1.496707e-005  2.4852646e-007            1.4950722e-005  2.4232638e-007            
1.500915e-005  2.669773e-007            1.4986897e-005  2.5879501e-007            1.5006148e-005  2.4642447e-007            1.4989758e-005  2.4030117e-007            
1.5048236e-005  2.6447391e-007            1.5025925e-005  2.562807e-007            1.5045227e-005  2.4423562e-007            1.5028794e-005  2.3847386e-007            
1.5087323e-005  2.6139165e-007            1.5064954e-005  2.5320486e-007            1.5084305e-005  2.4264197e-007            1.506783e-005  2.3839465e-007            
1.5126409e-005  2.5714649e-007            1.5103982e-005  2.5005357e-007            1.5123384e-005  2.3835153e-007            1.5106865e-005  2.3721497e-007            
1.5165495e-005  2.5262246e-007            1.5143011e-005  2.4737825e-007            1.5162462e-005  2.1704461e-007            1.5145901e-005  2.2583079e-007            
1.5204582e-005  2.4876018e-007            1.5182039e-005  2.4428299e-007            1.5201541e-005  1.7601131e-007            1.5184937e-005  1.9431116e-007            
1.5243668e-005  2.4358391e-007            1.5221067e-005  2.315894e-007            1.5240619e-005  1.3775266e-007            1.5223973e-005  1.5100389e-007            
1.5282754e-005  2.218675e-007            1.5260096e-005  1.9777968e-007            1.5279698e-005  1.2129004e-007            1.5263009e-005  1.2467878e-007            
1.5321841e-005  1.8125897e-007            1.5299124e-005  1.5276525e-007            1.5318776e-005  1.1683619e-007            1.5302045e-005  1.1519759e-007            
1.5360927e-005  1.4453903e-007            1.5338152e-005  1.2737599e-007            1.5357855e-005  1.1396877e-007            1.534108e-005  1.0980521e-007            
1.5400013e-005  1.3060647e-007            1.5377181e-005  1.2087172e-007            1.5396933e-005  1.1073589e-007            1.5380116e-005  1.0473458e-007            
1.5439099e-005  1.2733157e-007            1.5416209e-005  1.1724054e-007            1.5436012e-005  1.069185e-007            1.5419152e-005  1.0014394e-007            
1.5478186e-005  1.2485679e-007            1.5455238e-005  1.1443516e-007            1.547509e-005  1.0306057e-007            1.5458188e-005  9.6687302e-008            
1.5517272e-005  1.2290441e-007            1.5494266e-005  1.1266046e-007            1.5514169e-005  9.9199199e-008            1.5497224e-005  9.4620527e-008            
1.5556358e-005  1.2069492e-007            1.5533294e-005  1.1127392e-007            1.5553247e-005  9.6400364e-008            1.5536259e-005  9.3113982e-008            
1.5595445e-005  1.1848864e-007            1.5572323e-005  1.1005615e-007            1.5592326e-005  9.5233224e-008            1.5575295e-005  9.1803505e-008            
1.5634531e-005  1.1616763e-007            1.5611351e-005  1.0917672e-007            1.5631405e-005  9.358955e-008            1.5614331e-005  8.9934765e-008            
1.5673617e-005  1.1345666e-007            1.565038e-005  1.0737699e-007            1.5670483e-005  9.2823115e-008            1.5653367e-005  8.8242935e-008            
1.5712704e-005  1.1056875e-007            1.5689408e-005  1.0604536e-007            1.5709562e-005  9.231345e-008            1.5692403e-005  8.6241556e-008            
1.575179e-005  1.0843434e-007            1.5728436e-005  1.0450741e-007            1.574864e-005  9.2351511e-008            1.5731439e-005  8.3784261e-008            
1.5790876e-005  1.0713279e-007            1.5767465e-005  1.0246388e-007            1.5787719e-005  9.0951387e-008            1.5770474e-005  8.1854616e-008            
1.5829963e-005  1.0628707e-007            1.5806493e-005  9.9201523e-008            1.5826797e-005  8.9735464e-008            1.580951e-005  8.0704916e-008            
1.5869049e-005  1.0569081e-007            1.5845521e-005  9.6974899e-008            1.5865876e-005  8.888061e-008            1.5848546e-005  7.9978211e-008            
1.5908135e-005  1.0547043e-007            1.588455e-005  9.6595584e-008            1.5904954e-005  8.834701e-008            1.5887582e-005  7.8615048e-008            
1.5947222e-005  1.0530719e-007            1.5923578e-005  9.6634033e-008            1.5944033e-005  8.7368854e-008            1.5926618e-005  7.6806295e-008            
1.5986308e-005  1.0517918e-007            1.5962607e-005  9.6646607e-008            1.5983111e-005  8.5771237e-008            1.5965654e-005  7.5805494e-008            
1.6025394e-005  1.0528108e-007            1.6001635e-005  9.6519903e-008            1.602219e-005  8.4013001e-008            1.6004689e-005  7.6085077e-008            
1.6064481e-005  1.0488272e-007            1.6040663e-005  9.6433845e-008            1.6061268e-005  8.3558261e-008            1.6043725e-005  7.7027331e-008            
1.6103567e-005  1.0438246e-007            1.6079692e-005  9.6731722e-008            1.6100347e-005  8.7867104e-008            1.6082761e-005  7.9860359e-008            
1.6142653e-005  1.0376543e-007            1.611872e-005  9.9738857e-008            1.6139425e-005  1.0229198e-007            1.6121797e-005  9.3457971e-008            
1.618174e-005  1.0358505e-007            1.6157748e-005  1.0489976e-007            1.6178504e-005  1.1958393e-007            1.6160833e-005  1.1149296e-007            
1.6220826e-005  1.0654423e-007            1.6196777e-005  1.1731879e-007            1.6217582e-005  1.2639752e-007            1.6199869e-005  1.1930812e-007            
1.6259912e-005  1.1928282e-007            1.6235805e-005  1.3185012e-007            1.6256661e-005  1.2645579e-007            1.6238904e-005  1.1998771e-007            
1.6298999e-005  1.3704214e-007            1.6274834e-005  1.379949e-007            1.6295739e-005  1.2585101e-007            1.627794e-005  1.1935849e-007            
1.6338085e-005  1.4506332e-007            1.6313862e-005  1.3816805e-007            1.6334818e-005  1.2591584e-007            1.6316976e-005  1.1921213e-007            
1.6377171e-005  1.4588983e-007            1.635289e-005  1.3765908e-007            1.6373896e-005  1.262453e-007            1.6356012e-005  1.1905138e-007            
1.6416258e-005  1.4547872e-007            1.6391919e-005  1.3791764e-007            1.6412975e-005  1.2663502e-007            1.6395048e-005  1.1878865e-007            
1.6455344e-005  1.4564456e-007            1.6430947e-005  1.3787315e-007            1.6452053e-005  1.2710173e-007            1.6434084e-005  1.1921031e-007            
1.649443e-005  1.4571275e-007            1.6469975e-005  1.3794922e-007            1.6491132e-005  1.2753853e-007            1.6473119e-005  1.1974377e-007            
1.6533517e-005  1.4602762e-007            1.6509004e-005  1.3821299e-007            1.653021e-005  1.2788024e-007            1.6512155e-005  1.2017369e-007            
1.6572603e-005  1.4670542e-007            1.6548032e-005  1.3873093e-007            1.6569289e-005  1.282305e-007            1.6551191e-005  1.2068946e-007            
1.6611689e-005  1.4710119e-007            1.6587061e-005  1.3932666e-007            1.6608367e-005  1.285123e-007            1.6590227e-005  1.2123201e-007            
1.6650776e-005  1.4788606e-007            1.6626089e-005  1.4023886e-007            1.6647446e-005  1.2907478e-007            1.6629263e-005  1.214602e-007            
1.6689862e-005  1.4862825e-007            1.6665117e-005  1.4079704e-007            1.6686524e-005  1.2977968e-007            1.6668298e-005  1.2193306e-007            
1.6728948e-005  1.4970299e-007            1.6704146e-005  1.4147389e-007            1.6725603e-005  1.3027944e-007            1.6707334e-005  1.2249032e-007            
1.6768035e-005  1.5066908e-007            1.6743174e-005  1.42243e-007            1.6764681e-005  1.3137204e-007            1.674637e-005  1.2324875e-007            
1.6807121e-005  1.5174882e-007            1.6782202e-005  1.4334181e-007            1.680376e-005  1.3244845e-007            1.6785406e-005  1.2403535e-007            
1.6846207e-005  1.5302841e-007            1.6821231e-005  1.445376e-007            1.6842838e-005  1.3373209e-007            1.6824442e-005  1.2506543e-007            
1.6885294e-005  1.5436975e-007            1.6860259e-005  1.4585564e-007            1.6881917e-005  1.3530447e-007            1.6863478e-005  1.2660381e-007            
1.692438e-005  1.5560753e-007            1.6899288e-005  1.4743595e-007            1.6920995e-005  1.3770495e-007            1.6902513e-005  1.2838494e-007            
1.6963466e-005  1.5696573e-007            1.6938316e-005  1.5000557e-007            1.6960074e-005  1.4038907e-007            1.6941549e-005  1.3113209e-007            
1.7002553e-005  1.5859985e-007            1.6977344e-005  1.5305911e-007            1.6999152e-005  1.4392017e-007            1.6980585e-005  1.3506865e-007            
1.7041639e-005  1.6047046e-007            1.7016373e-005  1.5662158e-007            1.7038231e-005  1.4223035e-007            1.7019621e-005  1.3354663e-007            
1.7080725e-005  1.6324619e-007            1.7055401e-005  1.5985914e-007            1.7077309e-005  1.2427186e-007            1.7058657e-005  1.1721938e-007            
1.7119812e-005  1.6674882e-007            1.7094429e-005  1.60723e-007            1.7116388e-005  1.0264688e-007            1.7097693e-005  9.4822055e-008            
1.7158898e-005  1.6736738e-007            1.7133458e-005  1.4943816e-007            1.7155466e-005  9.3129736e-008            1.7136728e-005  8.4450846e-008            
1.7197984e-005  1.5437552e-007            1.7172486e-005  1.2622585e-007            1.7194545e-005  9.0947275e-008            1.7175764e-005  8.3794396e-008            
1.7237071e-005  1.2980727e-007            1.7211515e-005  1.0841195e-007            1.7233623e-005  8.9623123e-008            1.72148e-005  8.4652079e-008            
1.7276157e-005  1.1645478e-007            1.7250543e-005  1.0431643e-007            1.7272702e-005  8.9579602e-008            1.7253836e-005  8.5513542e-008            
1.7315243e-005  1.1474185e-007            1.7289571e-005  1.0472103e-007            1.731178e-005  9.0244343e-008            1.7292872e-005  8.6474003e-008            
1.735433e-005  1.1495006e-007            1.73286e-005  1.0565783e-007            1.7350859e-005  9.1573723e-008            1.7331908e-005  8.7441834e-008            
1.7393416e-005  1.1478631e-007            1.7367628e-005  1.0703792e-007            1.7389938e-005  9.2500604e-008            1.7370943e-005  8.8072621e-008            
1.7432502e-005  1.1377696e-007            1.7406657e-005  1.0766596e-007            1.7429016e-005  9.3268345e-008            1.7409979e-005  8.8849034e-008            
1.7471589e-005  1.1283526e-007            1.7445685e-005  1.0697899e-007            1.7468095e-005  9.4122883e-008            1.7449015e-005  8.9616873e-008            
1.7510675e-005  1.1309101e-007            1.7484713e-005  1.0611843e-007            1.7507173e-005  9.5693513e-008            1.7488051e-005  9.0385861e-008            
1.7549761e-005  1.1377619e-007            1.7523742e-005  1.0548548e-007            1.7546252e-005  9.7089692e-008            1.7527087e-005  9.0876232e-008            
1.7588848e-005  1.150446e-007            1.756277e-005  1.0548035e-007            1.758533e-005  9.8013457e-008            1.7566123e-005  9.0278642e-008            
1.7627934e-005  1.1633048e-007            1.7601798e-005  1.0608631e-007            1.7624409e-005  9.8923106e-008            1.7605158e-005  8.8777168e-008            
1.766702e-005  1.1707639e-007            1.7640827e-005  1.0694017e-007            1.7663487e-005  9.9818451e-008            1.7644194e-005  8.76088e-008            
1.7706107e-005  1.1770629e-007            1.7679855e-005  1.0804831e-007            1.7702566e-005  9.9774053e-008            1.768323e-005  8.7849694e-008            
1.7745193e-005  1.1816186e-007            1.7718884e-005  1.088684e-007            1.7741644e-005  9.9064429e-008            1.7722266e-005  8.8770951e-008            
1.7784279e-005  1.189567e-007            1.7757912e-005  1.0997544e-007            1.7780723e-005  9.7542898e-008            1.7761302e-005  8.9393887e-008            
1.7823365e-005  1.1985579e-007            1.779694e-005  1.1094203e-007            1.7819801e-005  9.6286537e-008            1.7800338e-005  9.015472e-008            
1.7862452e-005  1.2039432e-007            1.7835969e-005  1.1186262e-007            1.785888e-005  9.6522294e-008            1.7839373e-005  9.0637338e-008            
1.7901538e-005  1.2087994e-007            1.7874997e-005  1.1251556e-007            1.7897958e-005  9.8053962e-008            1.7878409e-005  9.0774761e-008            
1.7940624e-005  1.2148906e-007            1.7914025e-005  1.1278068e-007            1.7937037e-005  1.0114802e-007            1.7917445e-005  9.4339694e-008            
1.7979711e-005  1.2222947e-007            1.7953054e-005  1.131183e-007            1.7976115e-005  1.1256252e-007            1.7956481e-005  1.0568722e-007            
1.8018797e-005  1.2299624e-007            1.7992082e-005  1.1347969e-007            1.8015194e-005  1.3906475e-007            1.7995517e-005  1.2897084e-007            
1.8057883e-005  1.2356782e-007            1.8031111e-005  1.1611776e-007            1.8054272e-005  1.6966853e-007            1.8034552e-005  1.5797804e-007            
1.809697e-005  1.2695122e-007            1.8070139e-005  1.3478165e-007            1.8093351e-005  1.8762563e-007            1.8073588e-005  1.7781125e-007            
1.8136056e-005  1.4158785e-007            1.8109167e-005  1.6845635e-007            1.8132429e-005  1.9525005e-007            1.8112624e-005  1.86082e-007            
1.8175142e-005  1.6967485e-007            1.8148196e-005  1.9429877e-007            1.8171508e-005  1.9734452e-007            1.815166e-005  1.8786346e-007            
1.8214229e-005  1.9652557e-007            1.8187224e-005  2.0768195e-007            1.8210586e-005  1.9653914e-007            1.8190696e-005  1.8739768e-007            
1.8253315e-005  2.1235147e-007            1.8226252e-005  2.1325573e-007            1.8249665e-005  1.9591826e-007            1.8229732e-005  1.8649294e-007            
1.8292401e-005  2.1870719e-007            1.8265281e-005  2.140244e-007            1.8288743e-005  1.9642031e-007            1.8268767e-005  1.8770042e-007            