49.45553177717606 2.3733302034898545
60.27889594263602 3.131136535299097
70.19092920286134 3.7664415493468577
80.49800623865201 4.241379796535767
89.55010835991746 4.651807949310431
99.62013075825047 4.903931697006245
150.2655772763177 5.307968865089206
200.66856215407134 5.307968865089206
252.14647003477728 5.169720321851945
298.11248537841266 4.903931697006245
398.1071705534969 4.651807949310431
492.6766542361088 4.297717079888271
600.4991495768375 4.023319546969745
699.2429545232144 3.717068572752103
801.9221907272967 3.479743865915263
892.0993504230476 3.2575716953776097
992.4170452290921 3.0900915518984893
1496.947645673076 2.4367977457989767
1999.0628400858698 2.0257705717824765
2473.935825601744 1.7989302578461783
2969.800477406447 1.5765499546808814
3965.9488386336525 1.2934446565220532
4983.341631920444 1.104027630693265
5982.180380106274 0.9675498555568446
7072.725074634148 0.8592062375574905
8111.308307896856 0.77
8887.10539384943 0.7142795146362114
9886.471581243872 0.6599092875967512
