1.000E-02 1.731E+01 
1.250E-02 1.465E+01 
1.500E-02 1.278E+01 
1.750E-02 1.138E+01 
2.000E-02 1.029E+01 
2.500E-02 8.709E+00 
3.000E-02 7.605E+00 
3.500E-02 6.789E+00 
4.000E-02 6.159E+00 
4.500E-02 5.658E+00 
5.000E-02 5.249E+00 
5.500E-02 4.909E+00 
6.000E-02 4.621E+00 
7.000E-02 4.161E+00 
8.000E-02 3.809E+00 
9.000E-02 3.530E+00 
1.000E-01 3.305E+00 
1.250E-01 2.892E+00 
1.500E-01 2.613E+00 
1.750E-01 2.412E+00 
2.000E-01 2.262E+00 
2.500E-01 2.052E+00 
3.000E-01 1.912E+00 
3.500E-01 1.815E+00 
4.000E-01 1.744E+00 
4.500E-01 1.691E+00 
5.000E-01 1.650E+00 
5.500E-01 1.618E+00 
6.000E-01 1.593E+00 
7.000E-01 1.557E+00 
8.000E-01 1.533E+00 
9.000E-01 1.517E+00 
1.000E+00 1.507E+00 
1.250E+00 1.494E+00 
1.500E+00 1.492E+00 
1.750E+00 1.495E+00 
2.000E+00 1.501E+00 
2.500E+00 1.514E+00 
3.000E+00 1.528E+00 
3.500E+00 1.541E+00 
4.000E+00 1.553E+00 
4.500E+00 1.564E+00 
5.000E+00 1.575E+00 
5.500E+00 1.584E+00 
6.000E+00 1.593E+00 
7.000E+00 1.609E+00 
8.000E+00 1.622E+00 
9.000E+00 1.634E+00 
1.000E+01 1.645E+00 
1.250E+01 1.667E+00 
1.500E+01 1.685E+00 
1.750E+01 1.700E+00 
2.000E+01 1.713E+00 
2.500E+01 1.734E+00 
3.000E+01 1.750E+00 
3.500E+01 1.764E+00 
4.000E+01 1.776E+00 
4.500E+01 1.786E+00 
5.000E+01 1.795E+00 
5.500E+01 1.803E+00 
6.000E+01 1.810E+00 
7.000E+01 1.822E+00 
8.000E+01 1.833E+00 
9.000E+01 1.842E+00 
1.000E+02 1.851E+00 
1.250E+02 1.868E+00 
1.500E+02 1.882E+00 
1.750E+02 1.894E+00 
2.000E+02 1.904E+00 
2.500E+02 1.921E+00 
3.000E+02 1.935E+00 
3.500E+02 1.947E+00 
4.000E+02 1.957E+00 
4.500E+02 1.966E+00 
5.000E+02 1.974E+00 
5.500E+02 1.981E+00 
6.000E+02 1.988E+00 
7.000E+02 1.999E+00 
8.000E+02 2.009E+00 
9.000E+02 2.018E+00 
1.000E+03 2.026E+00 