  1000  9  0  0.00000e+0 8912015 2  0.00000e+0  0.00000e+0  0.00000e+0  
 7  0  0  0.00000e+0  0.00000e+0  0.00000e+0  0.00000e+0  0.00000e+0
 1.00000e-5 2.74896e+8
 1.25893e-5 1.91668e+8
 1.58489e-5 1.33639e+8
 1.99526e-5 9.31782e+7
 2.51189e-5 6.49676e+7
 3.16228e-5 4.52980e+7
 3.98107e-5 3.14260e+7
 5.01187e-5 2.18022e+7
 6.30957e-5 1.51255e+7
 7.94328e-5 1.04676e+7
 1.00000e-4 7.19065e+6
 1.25893e-4 4.93956e+6
 1.58489e-4 3.39319e+6
 1.99526e-4 2.33092e+6
 2.51189e-4 1.59318e+6
 3.16228e-4 1.07779e+6
 3.98107e-4 7.29128e+5
 5.01187e-4 4.93257e+5
 6.30957e-4 3.33195e+5
 7.94328e-4 2.22372e+5
 1.00000e-3 1.48410e+5
 1.25893e-3 9.80060e+4
 1.58489e-3 6.47206e+4
 1.99526e-3 4.27398e+4
 2.51189e-3 2.80935e+4
 3.16228e-3 1.84654e+4
 3.98107e-3 1.21370e+4
 5.01187e-3 7.96343e+3
 6.30957e-3 5.22485e+3
 7.94328e-3 3.42805e+3
 1.00000e-2 2.24476e+3
 1.25893e-2 1.46983e+3
 1.58489e-2 9.62415e+2
 1.99526e-2 6.31033e+2
 2.51189e-2 4.13778e+2
 3.16228e-2 2.71320e+2
 3.98107e-2 1.78970e+2
 5.01187e-2 1.18091e+2
 6.30957e-2 7.79212e+1
 7.94328e-2 5.18584e+1
 1.00000e-1 3.45325e+1
 1.25893e-1 2.29952e+1
 1.58489e-1 1.55809e+1
 1.99526e-1 1.05715e+1
 2.51189e-1 7.17262e+0
 3.16228e-1 4.85975e+0
 3.98107e-1 3.36384e+0
 5.01187e-1 2.34177e+0
 6.30957e-1 1.63690e+0
 7.94328e-1 1.14733e+0
 1.00000e+0 8.04491e-1
 1.25893e+0 5.63117e-1
 1.58489e+0 3.92823e-1
 1.99526e+0 2.72650e-1
 2.51189e+0 1.88106e-1
 3.16228e+0 1.28874e-1
 3.98107e+0 8.77545e-2
 5.01187e+0 5.93472e-2
 6.30957e+0 3.98973e-2
 7.94328e+0 2.66523e-2
 1.00000e+1 1.77170e-2
 1.25893e+1 1.17206e-2
 1.58489e+1 7.72452e-3
 1.99526e+1 5.07289e-3
 2.51189e+1 3.32226e-3
 3.16228e+1 2.16950e-3
 3.98107e+1 1.41412e-3
 5.01187e+1 9.19994e-4
 6.30957e+1 5.97615e-4
 7.94328e+1 3.87611e-4
 1.00000e+2 2.51116e-4
 1.25893e+2 1.62511e-4
 1.58489e+2 1.05071e-4
 1.99526e+2 6.78761e-5
 2.51189e+2 4.38174e-5
 3.16228e+2 2.82654e-5
 3.98107e+2 1.82235e-5
 5.01187e+2 1.17425e-5
 6.30957e+2 7.56271e-6
 7.94328e+2 4.86818e-6
 1.00000e+3 3.13235e-6
 1.25893e+3 2.01461e-6
 1.58489e+3 1.29520e-6
 1.99526e+3 8.32374e-7
 2.51189e+3 5.34757e-7
 3.16228e+3 3.43422e-7
 3.98107e+3 2.20486e-7
 5.01187e+3 1.41513e-7
 6.30957e+3 9.08007e-8
 7.94328e+3 5.82436e-8
 1.00000e+4 3.73503e-8
 1.25893e+4 2.39454e-8
 1.58489e+4 1.53476e-8
 1.99526e+4 9.83445e-9
 2.51189e+4 6.30030e-9
 3.16228e+4 4.03526e-9
 3.98107e+4 2.58394e-9
 5.01187e+4 1.65426e-9
 6.30957e+4 1.05883e-9
 7.94328e+4 6.77594e-10
 1.00000e+5 4.33534e-10
                                                                       1
  1000  9  0  0.00000e+0 8912015 2  0.00000e+0  0.00000e+0  0.00000e+0  
 8  0  0  0.00000e+0  0.00000e+0  0.00000e+0  0.00000e+0  0.00000e+0
 1.00000e-5 2.74896e+8
 1.25893e-5 2.18588e+8
 1.58489e-5 1.73814e+8
 1.99526e-5 1.38211e+8
 2.51189e-5 1.09901e+8
 3.16228e-5 8.73894e+7
 3.98107e-5 6.94892e+7
 5.01187e-5 5.52555e+7
 6.30957e-5 4.39373e+7
 7.94328e-5 3.49375e+7
 1.00000e-4 2.77811e+7
 1.25893e-4 2.20880e+7
 1.58489e-4 1.75615e+7
 1.99526e-4 1.39627e+7
 2.51189e-4 1.11013e+7
 3.16228e-4 8.82636e+6
 3.98107e-4 7.01759e+6
 5.01187e-4 5.57949e+6
 6.30957e-4 4.43609e+6
 7.94328e-4 3.52701e+6
 1.00000e-3 2.80423e+6
 1.25893e-3 2.22970e+6
 1.58489e-3 1.77287e+6
 1.99526e-3 1.40964e+6
 2.51189e-3 1.12194e+6
 3.16228e-3 8.92963e+5
 3.98107e-3 7.10718e+5
 5.01187e-3 5.66682e+5
 6.30957e-3 4.51854e+5
 7.94328e-3 3.60294e+5
 1.00000e-2 2.88081e+5
 1.25893e-2 2.30362e+5
 1.58489e-2 1.84552e+5
 1.99526e-2 1.48359e+5
 2.51189e-2 1.19511e+5
 3.16228e-2 9.65923e+4
 3.98107e-2 7.85103e+4
 5.01187e-2 6.43272e+4
 6.30957e-2 5.33022e+4
 7.94328e-2 4.48657e+4
 1.00000e-1 3.83022e+4
 1.25893e-1 3.31959e+4
 1.58489e-1 2.91468e+4
 1.99526e-1 2.59570e+4
 2.51189e-1 2.33713e+4
 3.16228e-1 2.12788e+4
 3.98107e-1 1.91439e+4
 5.01187e-1 1.72231e+4
 6.30957e-1 1.54129e+4
 7.94328e-1 1.36929e+4
 1.00000e+0 1.20556e+4
 1.25893e+0 1.04755e+4
 1.58489e+0 8.97190e+3
 1.99526e+0 7.54708e+3
 2.51189e+0 6.21570e+3
 3.16228e+0 5.00842e+3
 3.98107e+0 3.92890e+3
 5.01187e+0 2.99491e+3
 6.30957e+0 2.21316e+3
 7.94328e+0 1.58235e+3
 1.00000e+1 1.08908e+3
 1.25893e+1 7.23443e+2
 1.58489e+1 4.72985e+2
 1.99526e+1 3.06118e+2
 2.51189e+1 1.96804e+2
 3.16228e+1 1.25817e+2
 3.98107e+1 8.01880e+1
 5.01187e+1 5.09746e+1
 6.30957e+1 3.23455e+1
 7.94328e+1 2.04936e+1
 1.00000e+2 1.29722e+1
 1.25893e+2 8.20494e+0
 1.58489e+2 5.18672e+0
 1.99526e+2 3.27743e+0
 2.51189e+2 2.07025e+0
 3.16228e+2 1.30739e+0
 3.98107e+2 8.25490e-1
 5.01187e+2 5.21138e-1
 6.30957e+2 3.28962e-1
 7.94328e+2 2.07631e-1
 1.00000e+3 1.31042e-1
 1.25893e+3 8.26996e-2
 1.58489e+3 5.21887e-2
 1.99526e+3 3.29333e-2
 2.51189e+3 2.07817e-2
 3.16228e+3 1.31135e-2
 3.98107e+3 8.27459e-3
 5.01187e+3 5.22119e-3
 6.30957e+3 3.29449e-3
 7.94328e+3 2.07875e-3
 1.00000e+4 1.31164e-3
 1.25893e+4 8.27606e-4
 1.58489e+4 5.22193e-4
 1.99526e+4 3.29485e-4
 2.51189e+4 2.07894e-4
 3.16228e+4 1.31174e-4
 3.98107e+4 8.27652e-5
 5.01187e+4 5.22216e-5
 6.30957e+4 3.29497e-5
 7.94328e+4 2.07899e-5
 1.00000e+5 1.31176e-5
                                                                       1
  1000  9  0  0.00000e+0 891228  2  0.00000e+0  0.00000e+0  0.00000e+0  
 8 11  0  0.00000e+0  0.00000e+0  0.00000e+0  0.00000e+0  0.00000e+0
 1.00000e-5 0.00000e+0
 1.00000e+5 0.00000e+0
                                                                       1
  1000  9  9  0.00000e+0 891228  2  0.00000e+0  0.00000e+0  0.00000e+0  
 8 10  0  0.00000e+0  0.00000e+0  0.00000e+0  0.00000e+0  0.00000e+0
 1.00000e-5 1.00000e-5
 1.00000e+5 1.00000e+5
                                                                       1
  1000  9  9  0.00000e+0 891228  2  0.00000e+0  0.00000e+0  0.00000e+0  
 8 22  0  0.00000e+0  0.00000e+0  0.00000e+0  0.00000e+0  0.00000e+0
 1.00000e-5 1.00000e-6 5.00000e-1
 1.00000e-5 2.00000e+0 5.00000e-1
 1.00000e-3 1.00000e-6 6.21102e+1
 1.00000e-3 3.79990e-3 4.23580e+1
 1.00000e-3 7.99990e-3 2.92199e+1
 1.00000e-3 1.20000e-2 2.14635e+1
 1.00000e-3 1.70000e-2 1.53380e+1
 1.00000e-3 2.30000e-2 1.08412e+1
 1.00000e-3 3.00000e-2 7.66541e+0
 1.00000e-3 3.80000e-2 5.46001e+0
 1.00000e-3 4.80000e-2 3.80356e+0
 1.00000e-3 6.00000e-2 2.63468e+0
 1.00000e-3 7.40000e-2 1.83413e+0
 1.00000e-3 9.00000e-2 1.29133e+0
 1.00000e-3 1.07500e-1 9.30690e-1
 1.00000e-3 1.30000e-1 6.50694e-1
 1.00000e-3 1.55000e-1 4.64759e-1
 1.00000e-3 1.85000e-1 3.30131e-1
 1.00000e-3 2.22500e-1 2.30535e-1
 1.00000e-3 2.67500e-1 1.60897e-1
 1.00000e-3 3.20000e-1 1.13287e-1
 1.00000e-3 3.85000e-1 7.87584e-2
 1.00000e-3 4.60000e-1 5.53744e-2
 1.00000e-3 5.50000e-1 3.87688e-2
 1.00000e-3 6.55000e-1 2.73100e-2
 1.00000e-3 7.80000e-1 1.92540e-2
 1.00000e-3 9.35000e-1 1.34329e-2
 1.00000e-3 1.12000e+0 9.38514e-3
 1.00000e-3 1.34000e+0 6.54149e-3
 1.00000e-3 1.60000e+0 4.58780e-3
 1.00000e-3 1.93000e+0 3.14865e-3
 1.00000e-3 2.00000e+0 2.93923e-3
 2.00000e-3 1.00000e-6 1.24175e+2
 2.00000e-3 1.89990e-3 8.45675e+1
 2.00000e-3 3.99990e-3 5.83808e+1
 2.00000e-3 6.39990e-3 4.05131e+1
 2.00000e-3 9.19990e-3 2.81165e+1
 2.00000e-3 1.20000e-2 2.05182e+1
 2.00000e-3 1.50000e-2 1.52794e+1
 2.00000e-3 1.90000e-2 1.08691e+1
 2.00000e-3 2.40000e-2 7.56299e+0
 2.00000e-3 3.00000e-2 5.23501e+0
 2.00000e-3 3.70000e-2 3.64345e+0
 2.00000e-3 4.50000e-2 2.56541e+0
 2.00000e-3 5.40000e-2 1.83328e+0
 2.00000e-3 6.50000e-2 1.29272e+0
 2.00000e-3 7.80000e-2 9.11254e-1
 2.00000e-3 9.40000e-2 6.34036e-1
 2.00000e-3 1.12500e-1 4.45670e-1
 2.00000e-3 1.35000e-1 3.11026e-1
 2.00000e-3 1.60000e-1 2.22293e-1
 2.00000e-3 1.90000e-1 1.58285e-1
 2.00000e-3 2.27500e-1 1.10945e-1
 2.00000e-3 2.72500e-1 7.77383e-2
 2.00000e-3 3.27500e-1 5.40764e-2
 2.00000e-3 3.92500e-1 3.77421e-2
 2.00000e-3 4.70000e-1 2.62961e-2
 2.00000e-3 5.60000e-1 1.84519e-2
 2.00000e-3 6.65000e-1 1.30343e-2
 2.00000e-3 7.95000e-1 9.12004e-3
 2.00000e-3 9.50000e-1 6.41698e-3
 2.00000e-3 1.14500e+0 4.42487e-3
 2.00000e-3 1.37000e+0 3.06966e-3
 2.00000e-3 1.63000e+0 2.17310e-3
 2.00000e-3 1.96000e+0 1.49690e-3
 2.00000e-3 2.00000e+0 1.44470e-3
 4.00000e-3 1.00000e-6 2.48230e+2
 4.00000e-3 9.29900e-4 1.70293e+2
 4.00000e-3 1.99990e-3 1.16968e+2
 4.00000e-3 3.19990e-3 8.13469e+1
 4.00000e-3 4.59990e-3 5.65060e+1
 4.00000e-3 6.19990e-3 3.95318e+1
 4.00000e-3 8.09990e-3 2.75016e+1
 4.00000e-3 9.99990e-3 2.01168e+1
 4.00000e-3 1.20000e-2 1.50861e+1
 4.00000e-3 1.50000e-2 1.04044e+1
 4.00000e-3 1.80000e-2 7.57536e+0
 4.00000e-3 2.20000e-2 5.27810e+0
 4.00000e-3 2.60000e-2 3.87548e+0
 4.00000e-3 3.10000e-2 2.78127e+0
 4.00000e-3 3.70000e-2 1.98125e+0
 4.00000e-3 4.40000e-2 1.41544e+0
 4.00000e-3 5.30000e-2 9.83059e-1
 4.00000e-3 6.30000e-2 6.99289e-1
 4.00000e-3 7.50000e-2 4.95436e-1
 4.00000e-3 9.00000e-2 3.45464e-1
 4.00000e-3 1.07500e-1 2.43273e-1
 4.00000e-3 1.27500e-1 1.73924e-1
 4.00000e-3 1.52500e-1 1.22491e-1
 4.00000e-3 1.82500e-1 8.62910e-2
 4.00000e-3 2.17500e-1 6.12990e-2
 4.00000e-3 2.60000e-1 4.32202e-2
 4.00000e-3 3.12500e-1 3.00203e-2
 4.00000e-3 3.75000e-1 2.07746e-2
 4.00000e-3 4.45000e-1 1.46039e-2
 4.00000e-3 5.30000e-1 1.01502e-2
 4.00000e-3 6.30000e-1 7.11046e-3
 4.00000e-3 7.50000e-1 5.02927e-3
 4.00000e-3 9.00000e-1 3.54707e-3
 4.00000e-3 1.09500e+0 2.41184e-3
 4.00000e-3 1.31000e+0 1.65083e-3
 4.00000e-3 1.53500e+0 1.20044e-3
 4.00000e-3 1.94000e+0 7.45747e-4
 4.00000e-3 2.00000e+0 7.13360e-4
 8.00000e-3 1.00000e-6 4.98311e+2
 8.00000e-3 4.59900e-4 3.43071e+2
 8.00000e-3 9.89900e-4 2.36001e+2
 8.00000e-3 1.59990e-3 1.62711e+2
 8.00000e-3 2.29990e-3 1.12708e+2
 8.00000e-3 3.09990e-3 7.86206e+1
 8.00000e-3 3.99990e-3 5.55351e+1
 8.00000e-3 5.09990e-3 3.86415e+1
 8.00000e-3 6.39990e-3 2.68726e+1
 8.00000e-3 7.89990e-3 1.88499e+1
 8.00000e-3 9.69990e-3 1.31598e+1
 8.00000e-3 1.10000e-2 1.05003e+1
 8.00000e-3 1.30000e-2 7.73660e+0
 8.00000e-3 1.50000e-2 5.92971e+0
 8.00000e-3 1.80000e-2 4.20450e+0
 8.00000e-3 2.10000e-2 3.13226e+0
 8.00000e-3 2.50000e-2 2.23726e+0
 8.00000e-3 3.00000e-2 1.56814e+0
 8.00000e-3 3.60000e-2 1.09574e+0
 8.00000e-3 4.30000e-2 7.70668e-1
 8.00000e-3 5.10000e-2 5.48537e-1
 8.00000e-3 6.10000e-2 3.83257e-1
 8.00000e-3 7.30000e-2 2.67134e-1
 8.00000e-3 8.70000e-2 1.87612e-1
 8.00000e-3 1.02500e-1 1.34835e-1
 8.00000e-3 1.22500e-1 9.42056e-2
 8.00000e-3 1.45000e-1 6.71816e-2
 8.00000e-3 1.72500e-1 4.75044e-2
 8.00000e-3 2.05000e-1 3.37196e-2
 8.00000e-3 2.45000e-1 2.37008e-2
 8.00000e-3 2.92500e-1 1.66961e-2
 8.00000e-3 3.50000e-1 1.16895e-2
 8.00000e-3 4.20000e-1 8.10799e-3
 8.00000e-3 5.00000e-1 5.69079e-3
 8.00000e-3 5.95000e-1 3.98885e-3
 8.00000e-3 7.10000e-1 2.78719e-3
 8.00000e-3 8.45000e-1 1.97073e-3
 8.00000e-3 1.01500e+0 1.37221e-3
 8.00000e-3 1.22000e+0 9.44691e-4
 8.00000e-3 1.45000e+0 6.61661e-4
 8.00000e-3 1.73500e+0 4.64154e-4
 8.00000e-3 2.00000e+0 3.47113e-4
 1.60000e-2 1.00000e-6 1.00766e+3
 1.60000e-2 2.19900e-4 7.00058e+2
 1.60000e-2 4.79900e-4 4.81805e+2
 1.60000e-2 7.79900e-4 3.32613e+2
 1.60000e-2 1.09990e-3 2.36523e+2
 1.60000e-2 1.49990e-3 1.63931e+2
 1.60000e-2 1.89990e-3 1.19487e+2
 1.60000e-2 2.39990e-3 8.48971e+1
 1.60000e-2 2.99990e-3 5.97673e+1
 1.60000e-2 3.69990e-3 4.21599e+1
 1.60000e-2 4.49990e-3 3.00080e+1
 1.60000e-2 5.49990e-3 2.09253e+1
 1.60000e-2 6.69990e-3 1.45381e+1
 1.60000e-2 8.09990e-3 1.01697e+1
 1.60000e-2 9.79990e-3 7.06414e+0
 1.60000e-2 1.10000e-2 5.65149e+0
 1.60000e-2 1.30000e-2 4.08336e+0
 1.60000e-2 1.50000e-2 3.08557e+0
 1.60000e-2 1.80000e-2 2.15522e+0
 1.60000e-2 2.10000e-2 1.58919e+0
 1.60000e-2 2.50000e-2 1.12473e+0
 1.60000e-2 3.00000e-2 7.82815e-1
 1.60000e-2 3.60000e-2 5.44452e-1
 1.60000e-2 4.30000e-2 3.81988e-1
 1.60000e-2 5.10000e-2 2.71703e-1
 1.60000e-2 6.10000e-2 1.89981e-1
 1.60000e-2 7.30000e-2 1.32666e-1
 1.60000e-2 8.70000e-2 9.33951e-2
 1.60000e-2 1.02500e-1 6.72699e-2
 1.60000e-2 1.22500e-1 4.70804e-2
 1.60000e-2 1.45000e-1 3.35876e-2
 1.60000e-2 1.72500e-1 2.37179e-2
 1.60000e-2 2.05000e-1 1.67809e-2
 1.60000e-2 2.45000e-1 1.17366e-2
 1.60000e-2 2.92500e-1 8.22305e-3
 1.60000e-2 3.50000e-1 5.73286e-3
 1.60000e-2 4.15000e-1 4.06900e-3
 1.60000e-2 4.95000e-1 2.85261e-3
 1.60000e-2 5.90000e-1 2.00213e-3
 1.60000e-2 7.05000e-1 1.39775e-3
 1.60000e-2 8.40000e-1 9.80931e-4
 1.60000e-2 1.00500e+0 6.81713e-4
 1.60000e-2 1.20000e+0 4.74828e-4
 1.60000e-2 1.43000e+0 3.32002e-4
 1.60000e-2 1.71000e+0 2.30181e-4
 1.60000e-2 2.00000e+0 1.67562e-4
 3.20000e-2 1.00000e-6 2.05008e+3
 3.20000e-2 1.09900e-4 1.41537e+3
 3.20000e-2 2.29900e-4 9.94882e+2
 3.20000e-2 3.69900e-4 6.97418e+2
 3.20000e-2 5.39900e-4 4.81639e+2
 3.20000e-2 7.39900e-4 3.32197e+2
 3.20000e-2 9.69900e-4 2.30873e+2
 3.20000e-2 1.19990e-3 1.68787e+2
 3.20000e-2 1.49990e-3 1.18740e+2
 3.20000e-2 1.79990e-3 8.77002e+1
 3.20000e-2 2.19990e-3 6.19523e+1
 3.20000e-2 2.69990e-3 4.28984e+1
 3.20000e-2 3.19990e-3 3.13684e+1
 3.20000e-2 3.79990e-3 2.27155e+1
 3.20000e-2 4.59990e-3 1.57748e+1
 3.20000e-2 5.49990e-3 1.11677e+1
 3.20000e-2 6.59990e-3 7.82475e+0
 3.20000e-2 7.89990e-3 5.49594e+0
 3.20000e-2 9.49990e-3 3.81798e+0
 3.20000e-2 1.10000e-2 2.85518e+0
 3.20000e-2 1.30000e-2 2.04872e+0
 3.20000e-2 1.50000e-2 1.54093e+0
 3.20000e-2 1.80000e-2 1.07145e+0
 3.20000e-2 2.10000e-2 7.87808e-1
 3.20000e-2 2.50000e-2 5.56253e-1
 3.20000e-2 3.00000e-2 3.86497e-1
 3.20000e-2 3.50000e-2 2.84063e-1
 3.20000e-2 4.20000e-2 1.97337e-1
 3.20000e-2 5.00000e-2 1.39277e-1
 3.20000e-2 5.90000e-2 1.00042e-1
 3.20000e-2 7.00000e-2 7.10722e-2
 3.20000e-2 8.30000e-2 5.05436e-2
 3.20000e-2 9.90000e-2 3.55105e-2
 3.20000e-2 1.17500e-1 2.51889e-2
 3.20000e-2 1.40000e-1 1.77212e-2
 3.20000e-2 1.67500e-1 1.23579e-2
 3.20000e-2 2.00000e-1 8.64813e-3
 3.20000e-2 2.37500e-1 6.11645e-3
 3.20000e-2 2.82500e-1 4.31003e-3
 3.20000e-2 3.37500e-1 3.00985e-3
 3.20000e-2 4.00000e-1 2.13581e-3
 3.20000e-2 4.75000e-1 1.50919e-3
 3.20000e-2 5.65000e-1 1.06190e-3
 3.20000e-2 6.75000e-1 7.39209e-4
 3.20000e-2 8.05000e-1 5.15161e-4
 3.20000e-2 9.60000e-1 3.58458e-4
 3.20000e-2 1.14500e+0 2.49353e-4
 3.20000e-2 1.36500e+0 1.73249e-4
 3.20000e-2 1.62500e+0 1.19883e-4
 3.20000e-2 1.94000e+0 8.25473e-5
 3.20000e-2 2.00000e+0 7.65563e-5
 6.40000e-2 1.00000e-6 3.80566e+3
 6.40000e-2 6.89000e-5 2.57932e+3
 6.40000e-2 1.39900e-4 1.79652e+3
 6.40000e-2 2.19900e-4 1.25040e+3
 6.40000e-2 3.09900e-4 8.71572e+2
 6.40000e-2 4.09900e-4 6.11903e+2
 6.40000e-2 5.29900e-4 4.22039e+2
 6.40000e-2 6.69900e-4 2.89996e+2
 6.40000e-2 8.29900e-4 2.00565e+2
 6.40000e-2 9.99900e-4 1.43174e+2
 6.40000e-2 1.19990e-3 1.01825e+2
 6.40000e-2 1.39990e-3 7.58809e+1
 6.40000e-2 1.69990e-3 5.21462e+1
 6.40000e-2 1.99990e-3 3.80190e+1
 6.40000e-2 2.39990e-3 2.66601e+1
 6.40000e-2 2.79990e-3 1.97565e+1
 6.40000e-2 3.29990e-3 1.43648e+1
 6.40000e-2 3.89990e-3 1.03967e+1
 6.40000e-2 4.69990e-3 7.24966e+0
 6.40000e-2 5.59990e-3 5.16811e+0
 6.40000e-2 6.69990e-3 3.65342e+0
 6.40000e-2 7.99990e-3 2.59052e+0
 6.40000e-2 9.59990e-3 1.81691e+0
 6.40000e-2 1.10000e-2 1.39276e+0
 6.40000e-2 1.30000e-2 1.00375e+0
 6.40000e-2 1.50000e-2 7.57267e-1
 6.40000e-2 1.80000e-2 5.27956e-1
 6.40000e-2 2.10000e-2 3.88599e-1
 6.40000e-2 2.50000e-2 2.74314e-1
 6.40000e-2 3.00000e-2 1.90234e-1
 6.40000e-2 3.50000e-2 1.39409e-1
 6.40000e-2 4.10000e-2 1.01203e-1
 6.40000e-2 4.90000e-2 7.04571e-2
 6.40000e-2 5.80000e-2 4.99699e-2
 6.40000e-2 6.90000e-2 3.50545e-2
 6.40000e-2 8.20000e-2 2.46395e-2
 6.40000e-2 9.80000e-2 1.71282e-2
 6.40000e-2 1.15000e-1 1.23714e-2
 6.40000e-2 1.37500e-1 8.61686e-3
 6.40000e-2 1.62500e-1 6.15789e-3
 6.40000e-2 1.92500e-1 4.38923e-3
 6.40000e-2 2.30000e-1 3.08073e-3
 6.40000e-2 2.75000e-1 2.15961e-3
 6.40000e-2 3.30000e-1 1.49926e-3
 6.40000e-2 3.95000e-1 1.04045e-3
 6.40000e-2 4.70000e-1 7.25863e-4
 6.40000e-2 5.60000e-1 5.02208e-4
 6.40000e-2 6.65000e-1 3.49827e-4
 6.40000e-2 7.90000e-1 2.44899e-4
 6.40000e-2 9.40000e-1 1.71662e-4
 6.40000e-2 1.12500e+0 1.17602e-4
 6.40000e-2 1.33000e+0 8.11447e-5
 6.40000e-2 1.55500e+0 5.79295e-5
 6.40000e-2 1.90000e+0 3.68281e-5
 6.40000e-2 2.00000e+0 3.37476e-5
 1.28000e-1 1.00000e-6 8.90224e+3
 1.28000e-1 2.59000e-5 6.16043e+3
 1.28000e-1 5.49000e-5 4.25891e+3
 1.28000e-1 8.89000e-5 2.93805e+3
 1.28000e-1 1.19900e-4 2.18893e+3
 1.28000e-1 1.59900e-4 1.57047e+3
 1.28000e-1 2.09900e-4 1.09877e+3
 1.28000e-1 2.69900e-4 7.62542e+2
 1.28000e-1 3.39900e-4 5.30998e+2
 1.28000e-1 4.19900e-4 3.73634e+2
 1.28000e-1 5.09900e-4 2.66684e+2
 1.28000e-1 6.19900e-4 1.87779e+2
 1.28000e-1 7.49900e-4 1.32179e+2
 1.28000e-1 9.09900e-4 9.18336e+1
 1.28000e-1 1.09990e-3 6.38840e+1
 1.28000e-1 1.29990e-3 4.62302e+1
 1.28000e-1 1.49990e-3 3.49668e+1
 1.28000e-1 1.79990e-3 2.44436e+1
 1.28000e-1 2.09990e-3 1.80315e+1
 1.28000e-1 2.49990e-3 1.27653e+1
 1.28000e-1 2.99990e-3 8.88607e+0
 1.28000e-1 3.59990e-3 6.18080e+0
 1.28000e-1 4.29990e-3 4.33670e+0
 1.28000e-1 5.09990e-3 3.08484e+0
 1.28000e-1 6.09990e-3 2.15720e+0
 1.28000e-1 7.29990e-3 1.50662e+0
 1.28000e-1 8.69990e-3 1.06086e+0
 1.28000e-1 9.99990e-3 8.02980e-1
 1.28000e-1 1.10000e-2 6.63615e-1
 1.28000e-1 1.30000e-2 4.75108e-1
 1.28000e-1 1.50000e-2 3.56831e-1
 1.28000e-1 1.80000e-2 2.47763e-1
 1.28000e-1 2.10000e-2 1.82000e-1
 1.28000e-1 2.50000e-2 1.28386e-1
 1.28000e-1 3.00000e-2 8.91246e-2
 1.28000e-1 3.50000e-2 6.54519e-2
 1.28000e-1 4.20000e-2 4.54221e-2
 1.28000e-1 5.00000e-2 3.20213e-2
 1.28000e-1 5.90000e-2 2.29709e-2
 1.28000e-1 7.00000e-2 1.62931e-2
 1.28000e-1 8.30000e-2 1.15648e-2
 1.28000e-1 9.90000e-2 8.10589e-3
 1.28000e-1 1.17500e-1 5.73409e-3
 1.28000e-1 1.40000e-1 4.02082e-3
 1.28000e-1 1.67500e-1 2.79292e-3
 1.28000e-1 2.00000e-1 1.94576e-3
 1.28000e-1 2.37500e-1 1.36938e-3
 1.28000e-1 2.82500e-1 9.59549e-4
 1.28000e-1 3.37500e-1 6.65692e-4
 1.28000e-1 4.00000e-1 4.68889e-4
 1.28000e-1 4.75000e-1 3.28257e-4
 1.28000e-1 5.65000e-1 2.28155e-4
 1.28000e-1 6.70000e-1 1.58694e-4
 1.28000e-1 7.95000e-1 1.09485e-4
 1.28000e-1 9.40000e-1 7.57214e-5
 1.28000e-1 1.11000e+0 5.24044e-5
 1.28000e-1 1.31500e+0 3.57648e-5
 1.28000e-1 1.55000e+0 2.41417e-5
 1.28000e-1 1.79000e+0 1.70410e-5
 1.28000e-1 2.00000e+0 1.25999e-5
 2.56000e-1 1.00000e-6 1.73615e+4
 2.56000e-1 1.59000e-5 1.17808e+4
 2.56000e-1 3.19000e-5 8.13829e+3
 2.56000e-1 4.99000e-5 5.62581e+3
 2.56000e-1 7.09000e-5 3.84804e+3
 2.56000e-1 9.49000e-5 2.63157e+3
 2.56000e-1 1.19900e-4 1.86074e+3
 2.56000e-1 1.49900e-4 1.29422e+3
 2.56000e-1 1.79900e-4 9.42662e+2
 2.56000e-1 2.19900e-4 6.53613e+2
 2.56000e-1 2.59900e-4 4.76713e+2
 2.56000e-1 3.09900e-4 3.39387e+2
 2.56000e-1 3.69900e-4 2.39958e+2
 2.56000e-1 4.39900e-4 1.70470e+2
 2.56000e-1 5.19900e-4 1.22527e+2
 2.56000e-1 6.19900e-4 8.65861e+1
 2.56000e-1 7.39900e-4 6.11315e+1
 2.56000e-1 8.79900e-4 4.35259e+1
 2.56000e-1 9.99900e-4 3.39014e+1
 2.56000e-1 1.19990e-3 2.37549e+1
 2.56000e-1 1.39990e-3 1.75925e+1
 2.56000e-1 1.69990e-3 1.20528e+1
 2.56000e-1 1.99990e-3 8.78029e+0
 2.56000e-1 2.39990e-3 6.15090e+0
 2.56000e-1 2.79990e-3 4.54987e+0
 2.56000e-1 3.29990e-3 3.29716e+0
 2.56000e-1 3.89990e-3 2.37465e+0
 2.56000e-1 4.59990e-3 1.71553e+0
 2.56000e-1 5.49990e-3 1.20550e+0
 2.56000e-1 6.59990e-3 8.40264e-1
 2.56000e-1 7.89990e-3 5.88090e-1
 2.56000e-1 9.39990e-3 4.16139e-1
 2.56000e-1 1.10000e-2 3.04181e-1
 2.56000e-1 1.30000e-2 2.17860e-1
 2.56000e-1 1.50000e-2 1.63593e-1
 2.56000e-1 1.80000e-2 1.13483e-1
 2.56000e-1 2.10000e-2 8.32443e-2
 2.56000e-1 2.50000e-2 5.85912e-2
 2.56000e-1 3.00000e-2 4.05499e-2
 2.56000e-1 3.50000e-2 2.96873e-2
 2.56000e-1 4.10000e-2 2.15438e-2
 2.56000e-1 4.90000e-2 1.50027e-2
 2.56000e-1 5.80000e-2 1.06479e-2
 2.56000e-1 6.90000e-2 7.47679e-3
 2.56000e-1 8.20000e-2 5.25991e-3
 2.56000e-1 9.80000e-2 3.65783e-3
 2.56000e-1 1.15000e-1 2.64058e-3
 2.56000e-1 1.37500e-1 1.83538e-3
 2.56000e-1 1.62500e-1 1.30662e-3
 2.56000e-1 1.92500e-1 9.25697e-4
 2.56000e-1 2.30000e-1 6.43995e-4
 2.56000e-1 2.75000e-1 4.46393e-4
 2.56000e-1 3.27500e-1 3.10702e-4
 2.56000e-1 3.90000e-1 2.14979e-4
 2.56000e-1 4.60000e-1 1.50737e-4
 2.56000e-1 5.45000e-1 1.03959e-4
 2.56000e-1 6.40000e-1 7.27679e-5
 2.56000e-1 7.55000e-1 5.03000e-5
 2.56000e-1 8.90000e-1 3.46863e-5
 2.56000e-1 1.05000e+0 2.35317e-5
 2.56000e-1 1.23000e+0 1.58171e-5
 2.56000e-1 1.42000e+0 1.08526e-5
 2.56000e-1 1.65000e+0 7.28680e-6
 2.56000e-1 1.91000e+0 4.59793e-6
 2.56000e-1 2.00000e+0 4.15964e-6
 1.00000e+1 1.00000e-6 9.03749e+5
 1.00000e+1 1.20000e-6 6.45427e+5
 1.00000e+1 1.40000e-6 4.83889e+5
 1.00000e+1 1.70000e-6 3.35361e+5
 1.00000e+1 2.00000e-6 2.46035e+5
 1.00000e+1 2.40000e-6 1.73364e+5
 1.00000e+1 2.90000e-6 1.20248e+5
 1.00000e+1 3.40000e-6 8.82696e+4
 1.00000e+1 4.10000e-6 6.12460e+4
 1.00000e+1 4.90000e-6 4.31856e+4
 1.00000e+1 5.80000e-6 3.09983e+4
 1.00000e+1 6.90000e-6 2.20110e+4
 1.00000e+1 8.20000e-6 1.56497e+4
 1.00000e+1 9.80000e-6 1.09962e+4
 1.00000e+1 1.09000e-5 8.90531e+3
 1.00000e+1 1.29000e-5 6.37442e+3
 1.00000e+1 1.49000e-5 4.78703e+3
 1.00000e+1 1.79000e-5 3.32369e+3
 1.00000e+1 2.09000e-5 2.44156e+3
 1.00000e+1 2.49000e-5 1.72254e+3
 1.00000e+1 2.99000e-5 1.19607e+3
 1.00000e+1 3.49000e-5 8.78678e+2
 1.00000e+1 4.19000e-5 6.10147e+2
 1.00000e+1 4.99000e-5 4.30494e+2
 1.00000e+1 5.89000e-5 3.09160e+2
 1.00000e+1 6.99000e-5 2.19622e+2
 1.00000e+1 8.29000e-5 1.56208e+2
 1.00000e+1 9.89000e-5 1.09794e+2
 1.00000e+1 1.09900e-4 8.89326e+1
 1.00000e+1 1.29900e-4 6.36729e+1
 1.00000e+1 1.49900e-4 4.78252e+1
 1.00000e+1 1.79900e-4 3.32119e+1
 1.00000e+1 2.09900e-4 2.44007e+1
 1.00000e+1 2.49900e-4 1.72173e+1
 1.00000e+1 2.99900e-4 1.19566e+1
 1.00000e+1 3.49900e-4 8.78454e+0
 1.00000e+1 4.19900e-4 6.10050e+0
 1.00000e+1 4.99900e-4 4.30461e+0
 1.00000e+1 5.89900e-4 3.09159e+0
 1.00000e+1 6.99900e-4 2.19635e+0
 1.00000e+1 8.29900e-4 1.56227e+0
 1.00000e+1 9.89900e-4 1.09815e+0
 1.00000e+1 1.09990e-3 8.89521e-1
 1.00000e+1 1.29990e-3 6.36904e-1
 1.00000e+1 1.49990e-3 4.78406e-1
 1.00000e+1 1.79990e-3 3.32245e-1
 1.00000e+1 2.09990e-3 2.44112e-1
 1.00000e+1 2.49990e-3 1.72257e-1
 1.00000e+1 2.99990e-3 1.19632e-1
 1.00000e+1 3.49990e-3 8.78989e-2
 1.00000e+1 4.19990e-3 6.10464e-2
 1.00000e+1 4.99990e-3 4.30784e-2
 1.00000e+1 5.89990e-3 3.09413e-2
 1.00000e+1 6.99990e-3 2.19834e-2
 1.00000e+1 8.29990e-3 1.56382e-2
 1.00000e+1 9.89990e-3 1.09934e-2
 1.00000e+1 1.10000e-2 8.90524e-3
 1.00000e+1 1.30000e-2 6.37690e-3
 1.00000e+1 1.50000e-2 4.79042e-3
 1.00000e+1 1.70000e-2 3.69764e-3
 1.00000e+1 2.00000e-2 2.66791e-3
 1.00000e+1 2.30000e-2 2.01455e-3
 1.00000e+1 2.70000e-2 1.45916e-3
 1.00000e+1 3.20000e-2 1.03637e-3
 1.00000e+1 3.80000e-2 7.32845e-4
 1.00000e+1 4.50000e-2 5.20834e-4
 1.00000e+1 5.30000e-2 3.74018e-4
 1.00000e+1 6.30000e-2 2.63415e-4
 1.00000e+1 7.50000e-2 1.84766e-4
 1.00000e+1 8.90000e-2 1.30293e-4
 1.00000e+1 1.05000e-1 9.28547e-5
 1.00000e+1 1.25000e-1 6.48489e-5
 1.00000e+1 1.47500e-1 4.60304e-5
 1.00000e+1 1.75000e-1 3.22272e-5
 1.00000e+1 2.07500e-1 2.25233e-5
 1.00000e+1 2.45000e-1 1.58247e-5
 1.00000e+1 2.90000e-1 1.10100e-5
 1.00000e+1 3.42500e-1 7.65469e-6
 1.00000e+1 4.05000e-1 5.27074e-6
 1.00000e+1 4.75000e-1 3.66553e-6
 1.00000e+1 5.55000e-1 2.54556e-6
 1.00000e+1 6.50000e-1 1.73496e-6
 1.00000e+1 7.55000e-1 1.18675e-6
 1.00000e+1 8.75000e-1 7.99047e-7
 1.00000e+1 1.01000e+0 5.28261e-7
 1.00000e+1 1.15500e+0 3.45195e-7
 1.00000e+1 1.31000e+0 2.19469e-7
 1.00000e+1 1.46500e+0 1.36374e-7
 1.00000e+1 1.62000e+0 7.95185e-8
 1.00000e+1 1.76000e+0 4.28626e-8
 1.00000e+1 1.87500e+0 2.00199e-8
 1.00000e+1 1.96000e+0 6.31356e-9
 1.00000e+1 2.00000e+0 6.36324e-10
 2.12500e+1 1.00000e-6 9.66202e+5
 2.12500e+1 1.20000e-6 6.75641e+5
 2.12500e+1 1.40000e-6 4.98861e+5
 2.12500e+1 1.60000e-6 3.83369e+5
 2.12500e+1 1.90000e-6 2.72989e+5
 2.12500e+1 2.20000e-6 2.04228e+5
 2.12500e+1 2.60000e-6 1.46653e+5
 2.12500e+1 3.10000e-6 1.03431e+5
 2.12500e+1 3.70000e-6 7.27658e+4
 2.12500e+1 4.40000e-6 5.15483e+4
 2.12500e+1 5.20000e-6 3.69620e+4
 2.12500e+1 6.20000e-6 2.60345e+4
 2.12500e+1 7.40000e-6 1.82958e+4
 2.12500e+1 8.80000e-6 1.29493e+4
 2.12500e+1 9.90000e-6 1.02370e+4
 2.12500e+1 1.09000e-5 8.44816e+3
 2.12500e+1 1.29000e-5 6.03530e+3
 2.12500e+1 1.49000e-5 4.52584e+3
 2.12500e+1 1.79000e-5 3.13744e+3
 2.12500e+1 2.09000e-5 2.30217e+3
 2.12500e+1 2.49000e-5 1.62247e+3
 2.12500e+1 2.99000e-5 1.12554e+3
 2.12500e+1 3.49000e-5 8.26309e+2
 2.12500e+1 4.19000e-5 5.73399e+2
 2.12500e+1 4.99000e-5 4.04351e+2
 2.12500e+1 5.89000e-5 2.90262e+2
 2.12500e+1 6.99000e-5 2.06120e+2
 2.12500e+1 8.29000e-5 1.46559e+2
 2.12500e+1 9.89000e-5 1.02984e+2
 2.12500e+1 1.09900e-4 8.34046e+1
 2.12500e+1 1.29900e-4 5.97034e+1
 2.12500e+1 1.49900e-4 4.48373e+1
 2.12500e+1 1.79900e-4 3.11321e+1
 2.12500e+1 2.09900e-4 2.28701e+1
 2.12500e+1 2.49900e-4 1.61356e+1
 2.12500e+1 2.99900e-4 1.12043e+1
 2.12500e+1 3.49900e-4 8.23133e+0
 2.12500e+1 4.19900e-4 5.71594e+0
 2.12500e+1 4.99900e-4 4.03305e+0
 2.12500e+1 5.89900e-4 2.89642e+0
 2.12500e+1 6.99900e-4 2.05763e+0
 2.12500e+1 8.29900e-4 1.46355e+0
 2.12500e+1 9.89900e-4 1.02872e+0
 2.12500e+1 1.09990e-3 8.33277e-1
 2.12500e+1 1.29990e-3 5.96621e-1
 2.12500e+1 1.49990e-3 4.48141e-1
 2.12500e+1 1.79990e-3 3.11222e-1
 2.12500e+1 2.09990e-3 2.28663e-1
 2.12500e+1 2.49990e-3 1.61353e-1
 2.12500e+1 2.99990e-3 1.12058e-1
 2.12500e+1 3.49990e-3 8.23339e-2
 2.12500e+1 4.19990e-3 5.71811e-2
 2.12500e+1 4.99990e-3 4.03506e-2
 2.12500e+1 5.89990e-3 2.89819e-2
 2.12500e+1 6.99990e-3 2.05912e-2
 2.12500e+1 8.29990e-3 1.46478e-2
 2.12500e+1 9.89990e-3 1.02971e-2
 2.12500e+1 1.10000e-2 8.34122e-3
 2.12500e+1 1.30000e-2 5.97300e-3
 2.12500e+1 1.50000e-2 4.48700e-3
 2.12500e+1 1.70000e-2 3.46338e-3
 2.12500e+1 2.00000e-2 2.49888e-3
 2.12500e+1 2.30000e-2 1.88691e-3
 2.12500e+1 2.70000e-2 1.36670e-3
 2.12500e+1 3.20000e-2 9.70692e-4
 2.12500e+1 3.80000e-2 6.86400e-4
 2.12500e+1 4.50000e-2 4.87822e-4
 2.12500e+1 5.30000e-2 3.50309e-4
 2.12500e+1 6.30000e-2 2.46714e-4
 2.12500e+1 7.50000e-2 1.73050e-4
 2.12500e+1 8.90000e-2 1.22030e-4
 2.12500e+1 1.05000e-1 8.69642e-5
 2.12500e+1 1.25000e-1 6.07338e-5
 2.12500e+1 1.47500e-1 4.31085e-5
 2.12500e+1 1.75000e-1 3.01805e-5
 2.12500e+1 2.07500e-1 2.10922e-5
 2.12500e+1 2.45000e-1 1.48186e-5
 2.12500e+1 2.90000e-1 1.03094e-5
 2.12500e+1 3.42500e-1 7.16715e-6
 2.12500e+1 4.05000e-1 4.93462e-6
 2.12500e+1 4.75000e-1 3.43142e-6
 2.12500e+1 5.55000e-1 2.38268e-6
 2.12500e+1 6.50000e-1 1.62366e-6
 2.12500e+1 7.55000e-1 1.11037e-6
 2.12500e+1 8.75000e-1 7.47391e-7
 2.12500e+1 1.01000e+0 4.93896e-7
 2.12500e+1 1.15500e+0 3.22540e-7
 2.12500e+1 1.31000e+0 2.04870e-7
 2.12500e+1 1.46500e+0 1.27113e-7
 2.12500e+1 1.62000e+0 7.39182e-8
 2.12500e+1 1.76000e+0 3.96290e-8
 2.12500e+1 1.87500e+0 1.82650e-8
 2.12500e+1 1.95000e+0 6.84325e-9
 2.12500e+1 1.99500e+0 7.79461e-10
 2.12500e+1 2.00000e+0 1.39545e-10
 3.25000e+1 1.00000e-6 9.77525e+5
 3.25000e+1 1.20000e-6 6.80907e+5
 3.25000e+1 1.40000e-6 5.01349e+5
 3.25000e+1 1.60000e-6 3.84474e+5
 3.25000e+1 1.90000e-6 2.73140e+5
 3.25000e+1 2.20000e-6 2.03995e+5
 3.25000e+1 2.60000e-6 1.46243e+5
 3.25000e+1 3.10000e-6 1.02990e+5
 3.25000e+1 3.70000e-6 7.23658e+4
 3.25000e+1 4.40000e-6 5.12125e+4
 3.25000e+1 5.20000e-6 3.66906e+4
 3.25000e+1 6.20000e-6 2.58242e+4
 3.25000e+1 7.40000e-6 1.81367e+4
 3.25000e+1 8.80000e-6 1.28301e+4
 3.25000e+1 9.90000e-6 1.01397e+4
 3.25000e+1 1.09000e-5 8.36602e+3
 3.25000e+1 1.29000e-5 5.97459e+3
 3.25000e+1 1.49000e-5 4.47920e+3
 3.25000e+1 1.79000e-5 3.10427e+3
 3.25000e+1 2.09000e-5 2.27740e+3
 3.25000e+1 2.49000e-5 1.60471e+3
 3.25000e+1 2.99000e-5 1.11304e+3
 3.25000e+1 3.49000e-5 8.17041e+2
 3.25000e+1 4.19000e-5 5.66903e+2
 3.25000e+1 4.99000e-5 3.99734e+2
 3.25000e+1 5.89000e-5 2.86926e+2
 3.25000e+1 6.99000e-5 2.03738e+2
 3.25000e+1 8.29000e-5 1.44857e+2
 3.25000e+1 9.89000e-5 1.01784e+2
 3.25000e+1 1.09900e-4 8.24305e+1
 3.25000e+1 1.29900e-4 5.90042e+1
 3.25000e+1 1.49900e-4 4.43110e+1
 3.25000e+1 1.79900e-4 3.07659e+1
 3.25000e+1 2.09900e-4 2.26007e+1
 3.25000e+1 2.49900e-4 1.59452e+1
 3.25000e+1 2.99900e-4 1.10720e+1
 3.25000e+1 3.49900e-4 8.13398e+0
 3.25000e+1 4.19900e-4 5.64827e+0
 3.25000e+1 4.99900e-4 3.98527e+0
 3.25000e+1 5.89900e-4 2.86209e+0
 3.25000e+1 6.99900e-4 2.03322e+0
 3.25000e+1 8.29900e-4 1.44618e+0
 3.25000e+1 9.89900e-4 1.01651e+0
 3.25000e+1 1.09990e-3 8.23383e-1
 3.25000e+1 1.29990e-3 5.89535e-1
 3.25000e+1 1.49990e-3 4.42817e-1
 3.25000e+1 1.79990e-3 3.07524e-1
 3.25000e+1 2.09990e-3 2.25945e-1
 3.25000e+1 2.49990e-3 1.59436e-1
 3.25000e+1 2.99990e-3 1.10726e-1
 3.25000e+1 3.49990e-3 8.13551e-2
 3.25000e+1 4.19990e-3 5.65013e-2
 3.25000e+1 4.99990e-3 3.98708e-2
 3.25000e+1 5.89990e-3 2.86373e-2
 3.25000e+1 6.99990e-3 2.03463e-2
 3.25000e+1 8.29990e-3 1.44736e-2
 3.25000e+1 9.89990e-3 1.01747e-2
 3.25000e+1 1.10000e-2 8.24202e-3
 3.25000e+1 1.30000e-2 5.90196e-3
 3.25000e+1 1.50000e-2 4.43364e-3
 3.25000e+1 1.70000e-2 3.42218e-3
 3.25000e+1 2.00000e-2 2.46915e-3
 3.25000e+1 2.30000e-2 1.86446e-3
 3.25000e+1 2.70000e-2 1.35044e-3
 3.25000e+1 3.20000e-2 9.59142e-4
 3.25000e+1 3.80000e-2 6.78232e-4
 3.25000e+1 4.50000e-2 4.82017e-4
 3.25000e+1 5.30000e-2 3.46139e-4
 3.25000e+1 6.30000e-2 2.43777e-4
 3.25000e+1 7.50000e-2 1.70990e-4
 3.25000e+1 8.90000e-2 1.20577e-4
 3.25000e+1 1.05000e-1 8.59284e-5
 3.25000e+1 1.25000e-1 6.00102e-5
 3.25000e+1 1.47500e-1 4.25947e-5
 3.25000e+1 1.75000e-1 2.98207e-5
 3.25000e+1 2.07500e-1 2.08406e-5
 3.25000e+1 2.45000e-1 1.46417e-5
 3.25000e+1 2.90000e-1 1.01863e-5
 3.25000e+1 3.42500e-1 7.08146e-6
 3.25000e+1 4.05000e-1 4.87555e-6
 3.25000e+1 4.75000e-1 3.39028e-6
 3.25000e+1 5.55000e-1 2.35406e-6
 3.25000e+1 6.50000e-1 1.60411e-6
 3.25000e+1 7.55000e-1 1.09696e-6
 3.25000e+1 8.75000e-1 7.38324e-7
 3.25000e+1 1.01000e+0 4.87868e-7
 3.25000e+1 1.15500e+0 3.18569e-7
 3.25000e+1 1.31000e+0 2.02315e-7
 3.25000e+1 1.46500e+0 1.25495e-7
 3.25000e+1 1.62000e+0 7.29433e-8
 3.25000e+1 1.76000e+0 3.90695e-8
 3.25000e+1 1.87500e+0 1.79649e-8
 3.25000e+1 1.95000e+0 6.68226e-9
 3.25000e+1 1.99500e+0 6.92386e-10
 3.25000e+1 2.00000e+0 6.02748e-11
 4.37500e+1 1.00000e-6 9.81446e+5
 4.37500e+1 1.20000e-6 6.82720e+5
 4.37500e+1 1.40000e-6 5.02200e+5
 4.37500e+1 1.60000e-6 3.84848e+5
 4.37500e+1 1.90000e-6 2.73187e+5
 4.37500e+1 2.20000e-6 2.03912e+5
 4.37500e+1 2.60000e-6 1.46101e+5
 4.37500e+1 3.10000e-6 1.02838e+5
 4.37500e+1 3.70000e-6 7.22279e+4
 4.37500e+1 4.40000e-6 5.10970e+4
 4.37500e+1 5.20000e-6 3.65974e+4
 4.37500e+1 6.20000e-6 2.57521e+4
 4.37500e+1 7.40000e-6 1.80822e+4
 4.37500e+1 8.80000e-6 1.27893e+4
 4.37500e+1 9.90000e-6 1.01065e+4
 4.37500e+1 1.09000e-5 8.33794e+3
 4.37500e+1 1.29000e-5 5.95384e+3
 4.37500e+1 1.49000e-5 4.46326e+3
 4.37500e+1 1.79000e-5 3.09294e+3
 4.37500e+1 2.09000e-5 2.26894e+3
 4.37500e+1 2.49000e-5 1.59865e+3
 4.37500e+1 2.99000e-5 1.10878e+3
 4.37500e+1 3.49000e-5 8.13879e+2
 4.37500e+1 4.19000e-5 5.64687e+2
 4.37500e+1 4.99000e-5 3.98158e+2
 4.37500e+1 5.89000e-5 2.85788e+2
 4.37500e+1 6.99000e-5 2.02926e+2
 4.37500e+1 8.29000e-5 1.44277e+2
 4.37500e+1 9.89000e-5 1.01375e+2
 4.37500e+1 1.09900e-4 8.20983e+1
 4.37500e+1 1.29900e-4 5.87657e+1
 4.37500e+1 1.49900e-4 4.41316e+1
 4.37500e+1 1.79900e-4 3.06411e+1
 4.37500e+1 2.09900e-4 2.25088e+1
 4.37500e+1 2.49900e-4 1.58802e+1
 4.37500e+1 2.99900e-4 1.10268e+1
 4.37500e+1 3.49900e-4 8.10079e+0
 4.37500e+1 4.19900e-4 5.62520e+0
 4.37500e+1 4.99900e-4 3.96898e+0
 4.37500e+1 5.89900e-4 2.85038e+0
 4.37500e+1 6.99900e-4 2.02490e+0
 4.37500e+1 8.29900e-4 1.44026e+0
 4.37500e+1 9.89900e-4 1.01235e+0
 4.37500e+1 1.09990e-3 8.20010e-1
 4.37500e+1 1.29990e-3 5.87120e-1
 4.37500e+1 1.49990e-3 4.41003e-1
 4.37500e+1 1.79990e-3 3.06264e-1
 4.37500e+1 2.09990e-3 2.25019e-1
 4.37500e+1 2.49990e-3 1.58782e-1
 4.37500e+1 2.99990e-3 1.10272e-1
 4.37500e+1 3.49990e-3 8.10214e-2
 4.37500e+1 4.19990e-3 5.62695e-2
 4.37500e+1 4.99990e-3 3.97073e-2
 4.37500e+1 5.89990e-3 2.85198e-2
 4.37500e+1 6.99990e-3 2.02628e-2
 4.37500e+1 8.29990e-3 1.44142e-2
 4.37500e+1 9.89990e-3 1.01329e-2
 4.37500e+1 1.10000e-2 8.20820e-3
 4.37500e+1 1.30000e-2 5.87775e-3
 4.37500e+1 1.50000e-2 4.41545e-3
 4.37500e+1 1.70000e-2 3.40813e-3
 4.37500e+1 2.00000e-2 2.45902e-3
 4.37500e+1 2.30000e-2 1.85681e-3
 4.37500e+1 2.70000e-2 1.34489e-3
 4.37500e+1 3.20000e-2 9.55205e-4
 4.37500e+1 3.80000e-2 6.75448e-4
 4.37500e+1 4.50000e-2 4.80038e-4
 4.37500e+1 5.30000e-2 3.44718e-4
 4.37500e+1 6.30000e-2 2.42776e-4
 4.37500e+1 7.50000e-2 1.70287e-4
 4.37500e+1 8.90000e-2 1.20081e-4
 4.37500e+1 1.05000e-1 8.55752e-5
 4.37500e+1 1.25000e-1 5.97635e-5
 4.37500e+1 1.47500e-1 4.24195e-5
 4.37500e+1 1.75000e-1 2.96980e-5
 4.37500e+1 2.07500e-1 2.07548e-5
 4.37500e+1 2.45000e-1 1.45814e-5
 4.37500e+1 2.90000e-1 1.01443e-5
 4.37500e+1 3.42500e-1 7.05224e-6
 4.37500e+1 4.05000e-1 4.85541e-6
 4.37500e+1 4.75000e-1 3.37626e-6
 4.37500e+1 5.55000e-1 2.34430e-6
 4.37500e+1 6.50000e-1 1.59745e-6
 4.37500e+1 7.55000e-1 1.09239e-6
 4.37500e+1 8.75000e-1 7.35234e-7
 4.37500e+1 1.01000e+0 4.85814e-7
 4.37500e+1 1.15500e+0 3.17216e-7
 4.37500e+1 1.31000e+0 2.01445e-7
 4.37500e+1 1.46500e+0 1.24944e-7
 4.37500e+1 1.62000e+0 7.26115e-8
 4.37500e+1 1.76000e+0 3.88792e-8
 4.37500e+1 1.87500e+0 1.78631e-8
 4.37500e+1 1.95000e+0 6.62781e-9
 4.37500e+1 1.99500e+0 6.63121e-10
 4.37500e+1 2.00000e+0 3.36696e-11
 6.62500e+1 1.00000e-6 9.84753e+5
 6.62500e+1 1.10000e-6 8.14179e+5
 6.62500e+1 1.30000e-6 5.83300e+5
 6.62500e+1 1.50000e-6 4.38326e+5
 6.62500e+1 1.80000e-6 3.04546e+5
 6.62500e+1 2.10000e-6 2.23828e+5
 6.62500e+1 2.50000e-6 1.57988e+5
 6.62500e+1 3.00000e-6 1.09747e+5
 6.62500e+1 3.50000e-6 8.06477e+4
 6.62500e+1 4.20000e-6 5.60175e+4
 6.62500e+1 5.00000e-6 3.95329e+4
 6.62500e+1 5.90000e-6 2.83959e+4
 6.62500e+1 7.00000e-6 2.01751e+4
 6.62500e+1 8.30000e-6 1.43517e+4
 6.62500e+1 9.90000e-6 1.00885e+4
 6.62500e+1 1.09000e-5 8.32270e+3
 6.62500e+1 1.29000e-5 5.94248e+3
 6.62500e+1 1.49000e-5 4.45448e+3
 6.62500e+1 1.79000e-5 3.08665e+3
 6.62500e+1 2.09000e-5 2.26422e+3
 6.62500e+1 2.49000e-5 1.59526e+3
 6.62500e+1 2.99000e-5 1.10638e+3
 6.62500e+1 3.49000e-5 8.12097e+2
 6.62500e+1 4.19000e-5 5.63436e+2
 6.62500e+1 4.99000e-5 3.97267e+2
 6.62500e+1 5.89000e-5 2.85144e+2
 6.62500e+1 6.99000e-5 2.02465e+2
 6.62500e+1 8.29000e-5 1.43948e+2
 6.62500e+1 9.89000e-5 1.01142e+2
 6.62500e+1 1.09900e-4 8.19094e+1
 6.62500e+1 1.29900e-4 5.86300e+1
 6.62500e+1 1.49900e-4 4.40294e+1
 6.62500e+1 1.79900e-4 3.05699e+1
 6.62500e+1 2.09900e-4 2.24565e+1
 6.62500e+1 2.49900e-4 1.58433e+1
 6.62500e+1 2.99900e-4 1.10011e+1
 6.62500e+1 3.49900e-4 8.08186e+0
 6.62500e+1 4.19900e-4 5.61205e+0
 6.62500e+1 4.99900e-4 3.95968e+0
 6.62500e+1 5.89900e-4 2.84370e+0
 6.62500e+1 6.99900e-4 2.02016e+0
 6.62500e+1 8.29900e-4 1.43689e+0
 6.62500e+1 9.89900e-4 1.00997e+0
 6.62500e+1 1.09990e-3 8.18085e-1
 6.62500e+1 1.29990e-3 5.85741e-1
 6.62500e+1 1.49990e-3 4.39967e-1
 6.62500e+1 1.79990e-3 3.05544e-1
 6.62500e+1 2.09990e-3 2.24490e-1
 6.62500e+1 2.49990e-3 1.58409e-1
 6.62500e+1 2.99990e-3 1.10013e-1
 6.62500e+1 3.49990e-3 8.08310e-2
 6.62500e+1 4.19990e-3 5.61372e-2
 6.62500e+1 4.99990e-3 3.96139e-2
 6.62500e+1 5.89990e-3 2.84527e-2
 6.62500e+1 6.99990e-3 2.02152e-2
 6.62500e+1 8.29990e-3 1.43803e-2
 6.62500e+1 9.89990e-3 1.01091e-2
 6.62500e+1 1.10000e-2 8.18890e-3
 6.62500e+1 1.30000e-2 5.86392e-3
 6.62500e+1 1.50000e-2 4.40506e-3
 6.62500e+1 1.70000e-2 3.40011e-3
 6.62500e+1 2.00000e-2 2.45323e-3
 6.62500e+1 2.30000e-2 1.85244e-3
 6.62500e+1 2.70000e-2 1.34173e-3
 6.62500e+1 3.20000e-2 9.52957e-4
 6.62500e+1 3.80000e-2 6.73858e-4
 6.62500e+1 4.50000e-2 4.78908e-4
 6.62500e+1 5.30000e-2 3.43906e-4
 6.62500e+1 6.30000e-2 2.42205e-4
 6.62500e+1 7.50000e-2 1.69886e-4
 6.62500e+1 8.90000e-2 1.19798e-4
 6.62500e+1 1.05000e-1 8.53736e-5
 6.62500e+1 1.25000e-1 5.96226e-5
 6.62500e+1 1.47500e-1 4.23195e-5
 6.62500e+1 1.75000e-1 2.96279e-5
 6.62500e+1 2.07500e-1 2.07058e-5
 6.62500e+1 2.45000e-1 1.45470e-5
 6.62500e+1 2.90000e-1 1.01203e-5
 6.62500e+1 3.42500e-1 7.03555e-6
 6.62500e+1 4.05000e-1 4.84390e-6
 6.62500e+1 4.75000e-1 3.36824e-6
 6.62500e+1 5.55000e-1 2.33872e-6
 6.62500e+1 6.50000e-1 1.59363e-6
 6.62500e+1 7.55000e-1 1.08977e-6
 6.62500e+1 8.75000e-1 7.33463e-7
 6.62500e+1 1.01000e+0 4.84635e-7
 6.62500e+1 1.15500e+0 3.16438e-7
 6.62500e+1 1.31000e+0 2.00943e-7
 6.62500e+1 1.46500e+0 1.24625e-7
 6.62500e+1 1.62000e+0 7.24178e-8
 6.62500e+1 1.76000e+0 3.87668e-8
 6.62500e+1 1.87500e+0 1.78014e-8
 6.62500e+1 1.95000e+0 6.59327e-9
 6.62500e+1 1.99500e+0 6.43040e-10
 6.62500e+1 2.00000e+0 1.51157e-11
 1.00000e+5 1.00000e-6 9.86945e+5
 1.00000e+5 1.10000e-6 8.15658e+5
 1.00000e+5 1.30000e-6 5.83993e+5
 1.00000e+5 1.50000e-6 4.38644e+5
 1.00000e+5 1.80000e-6 3.04614e+5
 1.00000e+5 2.10000e-6 2.23799e+5
 1.00000e+5 2.50000e-6 1.57913e+5
 1.00000e+5 3.00000e-6 1.09662e+5
 1.00000e+5 3.50000e-6 8.05681e+4
 1.00000e+5 4.20000e-6 5.59502e+4
 1.00000e+5 5.00000e-6 3.94786e+4
 1.00000e+5 5.90000e-6 2.83530e+4
 1.00000e+5 7.00000e-6 2.01423e+4
 1.00000e+5 8.30000e-6 1.43268e+4
 1.00000e+5 9.90000e-6 1.00702e+4
 1.00000e+5 1.09000e-5 8.30723e+3
 1.00000e+5 1.29000e-5 5.93106e+3
 1.00000e+5 1.49000e-5 4.44571e+3
 1.00000e+5 1.79000e-5 3.08042e+3
 1.00000e+5 2.09000e-5 2.25957e+3
 1.00000e+5 2.49000e-5 1.59192e+3
 1.00000e+5 2.99000e-5 1.10403e+3
 1.00000e+5 3.49000e-5 8.10358e+2
 1.00000e+5 4.19000e-5 5.62217e+2
 1.00000e+5 4.99000e-5 3.96401e+2
 1.00000e+5 5.89000e-5 2.84518e+2
 1.00000e+5 6.99000e-5 2.02018e+2
 1.00000e+5 8.29000e-5 1.43629e+2
 1.00000e+5 9.89000e-5 1.00917e+2
 1.00000e+5 1.09900e-4 8.17268e+1
 1.00000e+5 1.29900e-4 5.84989e+1
 1.00000e+5 1.49900e-4 4.39308e+1
 1.00000e+5 1.79900e-4 3.05013e+1
 1.00000e+5 2.09900e-4 2.24059e+1
 1.00000e+5 2.49900e-4 1.58076e+1
 1.00000e+5 2.99900e-4 1.09763e+1
 1.00000e+5 3.49900e-4 8.06362e+0
 1.00000e+5 4.19900e-4 5.59936e+0
 1.00000e+5 4.99900e-4 3.95073e+0
 1.00000e+5 5.89900e-4 2.83727e+0
 1.00000e+5 6.99900e-4 2.01558e+0
 1.00000e+5 8.29900e-4 1.43363e+0
 1.00000e+5 9.89900e-4 1.00769e+0
 1.00000e+5 1.09990e-3 8.16231e-1
 1.00000e+5 1.29990e-3 5.84413e-1
 1.00000e+5 1.49990e-3 4.38969e-1
 1.00000e+5 1.79990e-3 3.04851e-1
 1.00000e+5 2.09990e-3 2.23981e-1
 1.00000e+5 2.49990e-3 1.58049e-1
 1.00000e+5 2.99990e-3 1.09763e-1
 1.00000e+5 3.49990e-3 8.06475e-2
 1.00000e+5 4.19990e-3 5.60098e-2
 1.00000e+5 4.99990e-3 3.95240e-2
 1.00000e+5 5.89990e-3 2.83882e-2
 1.00000e+5 6.99990e-3 2.01693e-2
 1.00000e+5 8.29990e-3 1.43477e-2
 1.00000e+5 9.89990e-3 1.00861e-2
 1.00000e+5 1.10000e-2 8.17031e-3
 1.00000e+5 1.30000e-2 5.85061e-3
 1.00000e+5 1.50000e-2 4.39506e-3
 1.00000e+5 1.70000e-2 3.39239e-3
 1.00000e+5 2.00000e-2 2.44766e-3
 1.00000e+5 2.30000e-2 1.84823e-3
 1.00000e+5 2.70000e-2 1.33868e-3
 1.00000e+5 3.20000e-2 9.50792e-4
 1.00000e+5 3.80000e-2 6.72327e-4
 1.00000e+5 4.50000e-2 4.77820e-4
 1.00000e+5 5.30000e-2 3.43125e-4
 1.00000e+5 6.30000e-2 2.41654e-4
 1.00000e+5 7.50000e-2 1.69500e-4
 1.00000e+5 8.90000e-2 1.19526e-4
 1.00000e+5 1.05000e-1 8.51795e-5
 1.00000e+5 1.25000e-1 5.94870e-5
 1.00000e+5 1.47500e-1 4.22232e-5
 1.00000e+5 1.75000e-1 2.95605e-5
 1.00000e+5 2.07500e-1 2.06587e-5
 1.00000e+5 2.45000e-1 1.45138e-5
 1.00000e+5 2.90000e-1 1.00972e-5
 1.00000e+5 3.42500e-1 7.01949e-6
 1.00000e+5 4.05000e-1 4.83283e-6
 1.00000e+5 4.75000e-1 3.36053e-6
 1.00000e+5 5.55000e-1 2.33336e-6
 1.00000e+5 6.50000e-1 1.58997e-6
 1.00000e+5 7.55000e-1 1.08726e-6
 1.00000e+5 8.75000e-1 7.31764e-7
 1.00000e+5 1.01000e+0 4.83506e-7
 1.00000e+5 1.15500e+0 3.15695e-7
 1.00000e+5 1.31000e+0 2.00465e-7
 1.00000e+5 1.46500e+0 1.24322e-7
 1.00000e+5 1.62000e+0 7.22356e-8
 1.00000e+5 1.76000e+0 3.86623e-8
 1.00000e+5 1.87500e+0 1.77456e-8
 1.00000e+5 1.95000e+0 6.56347e-9
 1.00000e+5 1.99500e+0 6.27088e-10
 1.00000e+5 1.99990e+0 1.25808e-11
 1.00000e+5 2.00000e+0 6.25670e-13
                                                                       1
  1000  9  0  0.00000e+0 8912015 2  0.00000e+0  0.00000e+0  0.00000e+0  
10  0  0  0.00000e+0  0.00000e+0  0.00000e+0  0.00000e+0  0.00000e+0
 1.00000e-5 2.74896e+8
 1.25893e-5 2.18588e+8
 1.58489e-5 1.73814e+8
 1.99526e-5 1.38211e+8
 2.51189e-5 1.09901e+8
 3.16228e-5 8.73894e+7
 3.98107e-5 6.94892e+7
 5.01187e-5 5.52555e+7
 6.30957e-5 4.39373e+7
 7.94328e-5 3.49375e+7
 1.00000e-4 2.77811e+7
 1.25893e-4 2.20880e+7
 1.58489e-4 1.75615e+7
 1.99526e-4 1.39627e+7
 2.51189e-4 1.11013e+7
 3.16228e-4 8.82636e+6
 3.98107e-4 7.01759e+6
 5.01187e-4 5.57949e+6
 6.30957e-4 4.43609e+6
 7.94328e-4 3.52701e+6
 1.00000e-3 2.80423e+6
 1.25893e-3 2.22970e+6
 1.58489e-3 1.77287e+6
 1.99526e-3 1.40964e+6
 2.51189e-3 1.12194e+6
 3.16228e-3 8.92963e+5
 3.98107e-3 7.10718e+5
 5.01187e-3 5.66682e+5
 6.30957e-3 4.51854e+5
 7.94328e-3 3.60294e+5
 1.00000e-2 2.88081e+5
 1.25893e-2 2.30362e+5
 1.58489e-2 1.84552e+5
 1.99526e-2 1.48359e+5
 2.51189e-2 1.19511e+5
 3.16228e-2 9.65923e+4
 3.98107e-2 7.85103e+4
 5.01187e-2 6.43272e+4
 6.30957e-2 5.33022e+4
 7.94328e-2 4.48657e+4
 1.00000e-1 3.83022e+4
 1.25893e-1 3.31959e+4
 1.58489e-1 2.91468e+4
 1.99526e-1 2.59570e+4
 2.51189e-1 2.33713e+4
 3.16228e-1 2.12966e+4
 3.98107e-1 1.96156e+4
 5.01187e-1 1.82568e+4
 6.30957e-1 1.71597e+4
 7.94328e-1 1.62649e+4
 1.00000e+0 1.55458e+4
 1.25893e+0 1.49599e+4
 1.58489e+0 1.45003e+4
 1.99526e+0 1.41306e+4
 2.51189e+0 1.38501e+4
 3.16228e+0 1.36276e+4
 3.98107e+0 1.34679e+4
 5.01187e+0 1.33504e+4
 6.30957e+0 1.32678e+4
 7.94328e+0 1.32048e+4
 1.00000e+1 1.31494e+4
 1.25893e+1 1.31065e+4
 1.58489e+1 1.30645e+4
 1.99526e+1 1.30224e+4
 2.51189e+1 1.29955e+4
 3.16228e+1 1.29944e+4
 3.98107e+1 1.29941e+4
 5.01187e+1 1.29939e+4
 6.30957e+1 1.29937e+4
 7.94328e+1 1.29935e+4
 1.00000e+2 1.29933e+4
 1.25893e+2 1.29930e+4
 1.58489e+2 1.29929e+4
 1.99526e+2 1.29927e+4
 2.51189e+2 1.29924e+4
 3.16228e+2 1.29923e+4
 3.98107e+2 1.29920e+4
 5.01187e+2 1.29918e+4
 6.30957e+2 1.29916e+4
 7.94328e+2 1.29915e+4
 1.00000e+3 1.29913e+4
 1.25893e+3 1.29910e+4
 1.58489e+3 1.29908e+4
 1.99526e+3 1.29906e+4
 2.51189e+3 1.29904e+4
 3.16228e+3 1.29902e+4
 3.98107e+3 1.29900e+4
 5.01187e+3 1.29898e+4
 6.30957e+3 1.29896e+4
 7.94328e+3 1.29894e+4
 1.00000e+4 1.29892e+4
 1.25893e+4 1.29889e+4
 1.58489e+4 1.29888e+4
 1.99526e+4 1.29885e+4
 2.51189e+4 1.29883e+4
 3.16228e+4 1.29881e+4
 3.98107e+4 1.29879e+4
 5.01187e+4 1.29877e+4
 6.30957e+4 1.29875e+4
 7.94328e+4 1.29873e+4
 1.00000e+5 1.29871e+4
                                                                       1
  1000  9  0  0.00000e+0 890224  2  0.00000e+0  0.00000e+0  0.00000e+0  
81  0 91  0.00000e+0  1.00000e+0  0.00000e+0  0.00000e+0  0.00000e+0
 1.36100e-5 0.00000e+0
 1.41697e-5 4.05435e+6
 1.50093e-5 9.58511e+6
 1.58489e-5 1.45465e+7
 1.79008e-5 2.47010e+7
 1.99526e-5 3.26162e+7
 2.25357e-5 4.01621e+7
 2.51189e-5 4.56933e+7
 3.16228e-5 5.38894e+7
 3.98107e-5 5.78371e+7
 6.30957e-5 5.63146e+7
 1.99526e-4 3.26105e+7
 3.16228e-4 2.37991e+7
 5.01187e-4 1.68501e+7
 6.30957e-4 1.40643e+7
 8.15479e-4 1.14429e+7
 1.00000e-3 9.68224e+6
 1.58489e-3 6.58842e+6
 2.51189e-3 4.44847e+6
 3.98107e-3 2.98907e+6
 6.30957e-3 2.00373e+6
 8.15479e-3 1.60335e+6
 1.00000e-2 1.34338e+6
 1.58489e-2 9.03419e+5
 2.51189e-2 6.11744e+5
 3.98107e-2 4.19310e+5
 6.30957e-2 2.93045e+5
 8.15479e-2 2.42885e+5
 1.25893e-1 1.81389e+5
 1.99526e-1 1.39221e+5
 3.16228e-1 1.13047e+5
 5.01187e-1 9.75720e+4
 6.30957e-1 9.26591e+4
 6.30957e+0 8.28330e+4
 1.00000e+5 8.28924e+4
                                                                       1
  1000  9  9  0.00000e+0 890224  2  0.00000e+0  0.00000e+0  0.00000e+0  
81 10 91  0.00000e+0  1.00000e+0  0.00000e+0  0.00000e+0  0.00000e+0
 1.36100e-5 0.00000e+0
 1.99526e-5 4.84288e-6
 3.98107e-5 2.12288e-5
 1.00000e-4 7.64480e-5
 1.58489e-2 1.58057e-2
 1.00000e+5 1.00000e+5
                                                                       1
  1000  9 19  0.00000e+0 890224  2  0.00000e+0  0.00000e+0  0.00000e+0  
81 10 91  0.00000e+0  1.00000e+0  0.00000e+0  0.00000e+0  0.00000e+0
 1.36100e-5 0.00000e+0
 1.58489e-5 5.52458e-7
 1.99526e-5 1.49974e-6
 2.51189e-5 2.57042e-6
 3.16228e-5 3.75132e-6
 3.98107e-5 4.97189e-6
 5.01187e-5 6.21689e-6
 6.30957e-5 7.48164e-6
 1.00000e-4 9.94200e-6
 1.58489e-4 1.23247e-5
 3.16228e-4 1.56559e-5
 6.30957e-4 1.87173e-5
 1.25893e-3 2.15315e-5
 3.16228e-3 2.48661e-5
 8.15479e-3 2.77909e-5
 2.51189e-2 3.07151e-5
 1.00000e-1 3.36461e-5
 5.01187e-1 3.65918e-5
 3.16228e+0 4.07755e-5
 1.25893e+1 4.50871e-5
 5.01187e+1 4.94549e-5
 2.51189e+2 5.44454e-5
 1.25893e+3 5.94120e-5
 6.30957e+3 6.43735e-5
 1.00000e+5 7.28699e-5
                                                                       1
  1000  9 19  0.00000e+0 890224  2  0.00000e+0  0.00000e+0  0.00000e+0  
81 21 91  0.00000e+0  1.00000e+0  0.00000e+0  0.00000e+0  0.00000e+0
 1.36100e-5 2.79866e-9 3.97015e+7
 1.36100e-5 2.79866e-8 3.97015e+7
 1.41697e-5 2.79866e-9 3.67711e+6
 1.41697e-5 2.79866e-7 3.54135e+6
 1.00000e-4 1.00000e-7 1.46457e+5
 1.00000e-4 6.30957e-7 1.29707e+5
 1.00000e-4 1.12202e-6 1.12112e+5
 1.00000e-4 1.99526e-6 9.69042e+4
 1.00000e-4 3.16228e-6 7.44559e+4
 1.00000e-4 5.01187e-6 5.72079e+4
 1.00000e-4 6.30958e-6 4.51885e+4
 1.00000e-4 8.91253e-6 3.17238e+4
 1.00000e-4 1.25893e-5 2.22712e+4
 1.00000e-4 1.58490e-5 1.62543e+4
 1.00000e-4 1.88365e-5 1.28347e+4
 1.00000e-4 2.44062e-5 9.00564e+3
 1.00000e-4 3.16228e-5 6.31892e+3
 1.00000e-4 4.31950e-5 5.11080e+3
 2.51189e-3 1.00000e-7 1.46869e+5
 2.51189e-3 6.30957e-7 1.29704e+5
 2.51189e-3 1.12202e-6 1.11309e+5
 2.51189e-3 1.99526e-6 9.55232e+4
 2.51189e-3 3.16228e-6 7.19230e+4
 2.51189e-3 5.01187e-6 5.41536e+4
 2.51189e-3 6.30958e-6 4.18094e+4
 2.51189e-3 8.91253e-6 2.83624e+4
 2.51189e-3 1.25893e-5 1.92404e+4
 2.51189e-3 1.58490e-5 1.32844e+4
 2.51189e-3 1.88365e-5 1.00621e+4
 2.51189e-3 2.44062e-5 6.63294e+3
 2.51189e-3 3.16228e-5 4.37246e+3
 2.51189e-3 3.86812e-5 2.98412e+3
 2.51189e-3 4.61384e-5 2.13622e+3
 2.51189e-3 5.38337e-5 1.59449e+3
 2.51189e-3 6.16130e-5 1.23445e+3
 2.51189e-3 7.80287e-5 7.88804e+2
 2.51189e-3 9.31516e-5 5.63754e+2
 2.51189e-3 1.06388e-4 4.38208e+2
 2.51189e-3 1.29851e-4 3.00307e+2
 2.51189e-3 1.58489e-4 2.05803e+2
 2.51189e-3 1.77828e-4 1.62261e+2
 2.51189e-3 2.20673e-4 1.03906e+2
 2.51189e-3 2.66551e-4 7.03503e+1
 2.51189e-3 3.14455e-4 5.00107e+1
 2.51189e-3 3.63382e-4 3.71009e+1
 2.51189e-3 4.12399e-4 2.85704e+1
 2.51189e-3 5.14622e-4 1.80862e+1
 2.51189e-3 6.07598e-4 1.28357e+1
 2.51189e-3 6.88196e-4 9.92486e+0
 2.51189e-3 8.29576e-4 6.74810e+0
 2.51189e-3 1.00000e-3 4.58816e+0
 2.51189e-3 1.24914e-3 3.79057e+0
 6.30957e-2 1.00000e-7 1.60030e+5
 6.30957e-2 6.30957e-7 1.40963e+5
 6.30957e-2 1.12202e-6 1.20361e+5
 6.30957e-2 1.99526e-6 1.02770e+5
 6.30957e-2 2.81838e-6 8.38924e+4
 6.30957e-2 3.98107e-6 6.84822e+4
 6.30957e-2 5.01187e-6 5.57545e+4
 6.30957e-2 6.30957e-6 4.53922e+4
 6.30957e-2 7.49895e-6 3.63734e+4
 6.30957e-2 9.71630e-6 2.60909e+4
 6.30957e-2 1.25893e-5 1.87151e+4
 6.30957e-2 1.58490e-5 1.25191e+4
 6.30957e-2 1.88365e-5 9.25993e+3
 6.30957e-2 2.14413e-5 7.38557e+3
 6.30957e-2 2.60391e-5 5.26076e+3
 6.30957e-2 3.16228e-5 3.74725e+3
 6.30957e-2 3.62556e-5 2.85747e+3
 6.30957e-2 4.13899e-5 2.19751e+3
 6.30957e-2 4.70562e-5 1.70390e+3
 6.30957e-2 5.32841e-5 1.33171e+3
 6.30957e-2 6.01024e-5 1.04886e+3
 6.30957e-2 6.75385e-5 8.32281e+2
 6.30957e-2 8.46651e-5 5.31679e+2
 6.30957e-2 1.04646e-4 3.49295e+2
 6.30957e-2 1.27641e-4 2.35581e+2
 6.30957e-2 1.53768e-4 1.62846e+2
 6.30957e-2 1.83099e-4 1.15196e+2
 6.30957e-2 2.15660e-4 8.32711e+1
 6.30957e-2 2.51425e-4 6.14270e+1
 6.30957e-2 2.90324e-4 4.61831e+1
 6.30957e-2 3.32241e-4 3.53468e+1
 6.30957e-2 3.77018e-4 2.75089e+1
 6.30957e-2 4.24463e-4 2.17472e+1
 6.30957e-2 5.30102e-4 1.39965e+1
 6.30957e-2 6.43894e-4 9.51833e+0
 6.30957e-2 7.63331e-4 6.79256e+0
 6.30957e-2 8.85878e-4 5.05617e+0
 6.30957e-2 1.00914e-3 3.90514e+0
 6.30957e-2 1.26755e-3 2.48492e+0
 6.30957e-2 1.50392e-3 1.77039e+0
 6.30957e-2 1.70969e-3 1.37290e+0
 6.30957e-2 2.07233e-3 9.37540e-1
 6.30957e-2 2.51189e-3 6.40238e-1
 6.30957e-2 2.85924e-3 4.86978e-1
 6.30957e-2 3.22838e-3 3.76794e-1
 6.30957e-2 3.61762e-3 2.96252e-1
 6.30957e-2 4.47837e-3 1.88726e-1
 6.30957e-2 5.39797e-3 1.27198e-1
 6.30957e-2 6.35626e-3 9.00635e-2
 6.30957e-2 7.33333e-3 6.65822e-2
 6.30957e-2 8.31072e-3 5.11171e-2
 6.30957e-2 1.03450e-2 3.21870e-2
 6.30957e-2 1.21912e-2 2.27518e-2
 6.30957e-2 1.37891e-2 1.75396e-2
 6.30957e-2 1.65870e-2 1.18719e-2
 6.30957e-2 1.99526e-2 8.03571e-3
 6.30957e-2 2.51189e-2 5.25754e-3
 6.30957e-2 3.15411e-2 4.30669e-3
 3.16228e+0 1.00000e-7 1.63180e+5
 3.16228e+0 6.30957e-7 1.44157e+5
 3.16228e+0 1.12202e-6 1.23401e+5
 3.16228e+0 1.99526e-6 1.05634e+5
 3.16228e+0 2.81838e-6 8.63487e+4
 3.16228e+0 3.98107e-6 7.05846e+4
 3.16228e+0 5.01187e-6 5.74337e+4
 3.16228e+0 6.30957e-6 4.67331e+4
 3.16228e+0 7.49895e-6 3.72726e+4
 3.16228e+0 9.71630e-6 2.65483e+4
 3.16228e+0 1.25893e-5 1.89096e+4
 3.16228e+0 1.49624e-5 1.38937e+4
 3.16228e+0 1.70314e-5 1.10260e+4
 3.16228e+0 2.06836e-5 7.79511e+3
 3.16228e+0 2.51189e-5 5.51092e+3
 3.16228e+0 2.94273e-5 3.98444e+3
 3.16228e+0 3.41353e-5 2.93977e+3
 3.16228e+0 3.92309e-5 2.21062e+3
 3.16228e+0 4.46968e-5 1.69220e+3
 3.16228e+0 5.05108e-5 1.31717e+3
 3.16228e+0 5.66465e-5 1.04144e+3
 3.16228e+0 7.02306e-5 6.70453e+2
 3.16228e+0 8.47638e-5 4.56048e+2
 3.16228e+0 9.99273e-5 3.25517e+2
 3.16228e+0 1.15405e-4 2.42348e+2
 3.16228e+0 1.30902e-4 1.87208e+2
 3.16228e+0 1.63196e-4 1.19157e+2
 3.16228e+0 1.92545e-4 8.49118e+1
 3.16228e+0 2.17971e-4 6.58572e+1
 3.16228e+0 2.62543e-4 4.49839e+1
 3.16228e+0 3.16228e-4 3.07263e+1
 3.16228e+0 3.56092e-4 2.42504e+1
 3.16228e+0 4.00239e-4 1.92103e+1
 3.16228e+0 5.03787e-4 1.21430e+1
 3.16228e+0 6.29581e-4 7.78654e+0
 3.16228e+0 7.81325e-4 5.06282e+0
 3.16228e+0 9.63120e-4 3.33644e+0
 3.16228e+0 1.17948e-3 2.22758e+0
 3.16228e+0 1.43532e-3 1.50615e+0
 3.16228e+0 1.73598e-3 1.03089e+0
 3.16228e+0 2.08718e-3 7.14005e-1
 3.16228e+0 2.49502e-3 5.00237e-1
 3.16228e+0 2.96596e-3 3.54389e-1
 3.16228e+0 3.50679e-3 2.53782e-1
 3.16228e+0 4.12459e-3 1.83643e-1
 3.16228e+0 4.82670e-3 1.34239e-1
 3.16228e+0 5.62065e-3 9.90912e-2
 3.16228e+0 6.51412e-3 7.38435e-2
 3.16228e+0 7.51489e-3 5.55367e-2
 3.16228e+0 8.63078e-3 4.21420e-2
 3.16228e+0 9.86958e-3 3.22549e-2
 3.16228e+0 1.12390e-2 2.48946e-2
 3.16228e+0 1.27465e-2 1.93700e-2
 3.16228e+0 1.43995e-2 1.51901e-2
 3.16228e+0 1.62050e-2 1.20030e-2
 3.16228e+0 2.03726e-2 7.60570e-3
 3.16228e+0 2.52482e-2 4.95877e-3
 3.16228e+0 3.08739e-2 3.32062e-3
 3.16228e+0 3.72814e-2 2.28007e-3
 3.16228e+0 4.44912e-2 1.60281e-3
 3.16228e+0 5.25118e-2 1.15182e-3
 3.16228e+0 6.13396e-2 8.44991e-4
 3.16228e+0 7.09589e-2 6.32018e-4
 3.16228e+0 8.13428e-2 4.81382e-4
 3.16228e+0 9.24536e-2 3.72941e-4
 3.16228e+0 1.04245e-1 2.93575e-4
 3.16228e+0 1.30556e-1 1.87441e-4
 3.16228e+0 1.58973e-1 1.26581e-4
 3.16228e+0 1.88867e-1 8.97809e-5
 3.16228e+0 2.19603e-1 6.64734e-5
 3.16228e+0 2.50572e-1 5.11009e-5
 3.16228e+0 3.15645e-1 3.22511e-5
 3.16228e+0 3.75318e-1 2.28366e-5
 3.16228e+0 4.27366e-1 1.76277e-5
 3.16228e+0 5.19278e-1 1.19549e-5
 3.16228e+0 6.30957e-1 8.10761e-6
 3.16228e+0 7.94328e-1 5.45581e-6
 3.16228e+0 1.00000e+0 3.67135e-6
 3.16228e+0 1.25893e+0 2.74366e-6
 3.16228e+0 1.58113e+0 2.42155e-6
 5.01187e+1 1.00000e-7 1.61903e+5
 5.01187e+1 6.30957e-7 1.43109e+5
 5.01187e+1 1.12202e-6 1.22596e+5
 5.01187e+1 1.99526e-6 1.05023e+5
 5.01187e+1 2.81838e-6 8.59440e+4
 5.01187e+1 3.98107e-6 7.03310e+4
 5.01187e+1 5.01187e-6 5.73012e+4
 5.01187e+1 6.30957e-6 4.66853e+4
 5.01187e+1 7.49895e-6 3.72949e+4
 5.01187e+1 9.71630e-6 2.66289e+4
 5.01187e+1 1.25893e-5 1.90133e+4
 5.01187e+1 1.49624e-5 1.40021e+4
 5.01187e+1 1.70314e-5 1.11314e+4
 5.01187e+1 2.06836e-5 7.89002e+3
 5.01187e+1 2.51189e-5 5.59253e+3
 5.01187e+1 2.98539e-5 3.92215e+3
 5.01187e+1 3.51005e-5 2.81235e+3
 5.01187e+1 4.08537e-5 2.05894e+3
 5.01187e+1 4.71009e-5 1.53703e+3
 5.01187e+1 5.38226e-5 1.16857e+3
 5.01187e+1 6.09929e-5 9.03789e+2
 5.01187e+1 6.85803e-5 7.10319e+2
 5.01187e+1 8.54426e-5 4.52172e+2
 5.01187e+1 1.03566e-4 3.04559e+2
 5.01187e+1 1.22550e-4 2.15524e+2
 5.01187e+1 1.41995e-4 1.59254e+2
 5.01187e+1 1.61525e-4 1.22211e+2
 5.01187e+1 1.80805e-4 9.69399e+1
 5.01187e+1 2.20246e-4 6.46309e+1
 5.01187e+1 2.55376e-4 4.76863e+1
 5.01187e+1 3.18853e-4 3.02220e+1
 5.01187e+1 3.98107e-4 1.91537e+1
 5.01187e+1 4.63047e-4 1.41688e+1
 5.01187e+1 5.37309e-4 1.05307e+1
 5.01187e+1 6.22035e-4 7.86319e+0
 5.01187e+1 7.18474e-4 5.89822e+0
 5.01187e+1 8.27999e-4 4.44420e+0
 5.01187e+1 9.52107e-4 3.36347e+0
 5.01187e+1 1.09243e-3 2.55666e+0
 5.01187e+1 1.25075e-3 1.95172e+0
 5.01187e+1 1.42898e-3 1.49622e+0
 5.01187e+1 1.62921e-3 1.15180e+0
 5.01187e+1 1.85371e-3 8.90296e-1
 5.01187e+1 2.10488e-3 6.90937e-1
 5.01187e+1 2.38535e-3 5.38348e-1
 5.01187e+1 2.69791e-3 4.21096e-1
 5.01187e+1 3.04557e-3 3.30648e-1
 5.01187e+1 3.43152e-3 2.60610e-1
 5.01187e+1 3.85917e-3 2.06173e-1
 5.01187e+1 4.33217e-3 1.63705e-1
 5.01187e+1 5.43949e-3 1.03957e-1
 5.01187e+1 6.78144e-3 6.69590e-2
 5.01187e+1 8.39640e-3 4.37254e-2
 5.01187e+1 1.03268e-2 2.89363e-2
 5.01187e+1 1.26191e-2 1.93979e-2
 5.01187e+1 1.53240e-2 1.31672e-2
 5.01187e+1 1.84960e-2 9.04669e-3
 5.01187e+1 2.21938e-2 6.28899e-3
 5.01187e+1 2.64797e-2 4.42188e-3
 5.01187e+1 3.14193e-2 3.14350e-3
 5.01187e+1 3.70817e-2 2.25866e-3
 5.01187e+1 4.35385e-2 1.63973e-3
 5.01187e+1 5.08637e-2 1.20238e-3
 5.01187e+1 5.91334e-2 8.90273e-4
 5.01187e+1 6.84247e-2 6.65399e-4
 5.01187e+1 7.88157e-2 5.01871e-4
 5.01187e+1 9.03844e-2 3.81883e-4
 5.01187e+1 1.03209e-1 2.93073e-4
 5.01187e+1 1.17365e-1 2.26785e-4
 5.01187e+1 1.32927e-1 1.76902e-4
 5.01187e+1 1.49969e-1 1.39066e-4
 5.01187e+1 1.68559e-1 1.10148e-4
 5.01187e+1 2.11387e-1 7.01160e-5
 5.01187e+1 2.61374e-1 4.59109e-5
 5.01187e+1 3.18921e-1 3.08680e-5
 5.01187e+1 3.84328e-1 2.12754e-5
 5.01187e+1 4.57782e-1 1.50089e-5
 5.01187e+1 5.39346e-1 1.08215e-5
 5.01187e+1 6.28964e-1 7.96358e-6
 5.01187e+1 7.26460e-1 5.97382e-6
 5.01187e+1 8.31545e-1 4.56246e-6
 5.01187e+1 9.43828e-1 3.54374e-6
 5.01187e+1 1.06283e+0 2.79629e-6
 5.01187e+1 1.32787e+0 1.79343e-6
 5.01187e+1 1.61347e+0 1.21591e-6
 5.01187e+1 1.91333e+0 8.65392e-7
 5.01187e+1 2.22109e+0 6.42668e-7
 5.01187e+1 2.53073e+0 4.95352e-7
 5.01187e+1 3.18005e+0 3.14077e-7
 5.01187e+1 3.77420e+0 2.23166e-7
 5.01187e+1 4.29160e+0 1.72712e-7
 5.01187e+1 5.20367e+0 1.17588e-7
 5.01187e+1 6.30957e+0 8.00577e-8
 5.01187e+1 7.49895e+0 5.84337e-8
 5.01187e+1 8.53592e+0 4.61433e-8
 5.01187e+1 1.03664e+1 3.23799e-8
 5.01187e+1 1.25893e+1 2.27218e-8
 5.01187e+1 1.58490e+1 1.66746e-8
 5.01187e+1 1.99526e+1 1.22367e-8
 5.01187e+1 2.50594e+1 1.09273e-8
 1.00000e+5 1.00000e-7 1.61897e+5
 1.00000e+5 6.30957e-7 1.43104e+5
 1.00000e+5 1.12202e-6 1.22592e+5
 1.00000e+5 1.99526e-6 1.05020e+5
 1.00000e+5 2.81838e-6 8.59423e+4
 1.00000e+5 3.98107e-6 7.03299e+4
 1.00000e+5 5.01187e-6 5.73008e+4
 1.00000e+5 6.30957e-6 4.66855e+4
 1.00000e+5 7.49895e-6 3.72954e+4
 1.00000e+5 9.71630e-6 2.66296e+4
 1.00000e+5 1.25893e-5 1.90141e+4
 1.00000e+5 1.49624e-5 1.40031e+4
 1.00000e+5 1.70314e-5 1.11323e+4
 1.00000e+5 2.06836e-5 7.89089e+3
 1.00000e+5 2.51189e-5 5.59329e+3
 1.00000e+5 2.98539e-5 3.92271e+3
 1.00000e+5 3.51005e-5 2.81278e+3
 1.00000e+5 4.08537e-5 2.05927e+3
 1.00000e+5 4.71009e-5 1.53728e+3
 1.00000e+5 5.38226e-5 1.16877e+3
 1.00000e+5 6.09929e-5 9.03952e+2
 1.00000e+5 6.85803e-5 7.10451e+2
 1.00000e+5 8.54426e-5 4.52261e+2
 1.00000e+5 1.03566e-4 3.04622e+2
 1.00000e+5 1.22550e-4 2.15570e+2
 1.00000e+5 1.41995e-4 1.59289e+2
 1.00000e+5 1.61525e-4 1.22239e+2
 1.00000e+5 1.80805e-4 9.69627e+1
 1.00000e+5 2.20246e-4 6.46467e+1
 1.00000e+5 2.55376e-4 4.76983e+1
 1.00000e+5 3.18853e-4 3.02299e+1
 1.00000e+5 3.98107e-4 1.91590e+1
 1.00000e+5 4.55610e-4 1.46339e+1
 1.00000e+5 5.20870e-4 1.12011e+1
 1.00000e+5 5.94855e-4 8.59149e+0
 1.00000e+5 6.78645e-4 6.60353e+0
 1.00000e+5 7.73440e-4 5.08601e+0
 1.00000e+5 8.80576e-4 3.92522e+0
 1.00000e+5 1.00154e-3 3.03550e+0
 1.00000e+5 1.13797e-3 2.35217e+0
 1.00000e+5 1.29170e-3 1.82630e+0
 1.00000e+5 1.46474e-3 1.42080e+0
 1.00000e+5 1.65934e-3 1.10751e+0
 1.00000e+5 1.87796e-3 8.64981e-1
 1.00000e+5 2.12332e-3 6.76869e-1
 1.00000e+5 2.39845e-3 5.30682e-1
 1.00000e+5 2.70664e-3 4.16859e-1
 1.00000e+5 3.05155e-3 3.28068e-1
 1.00000e+5 3.43720e-3 2.58673e-1
 1.00000e+5 3.86798e-3 2.04336e-1
 1.00000e+5 4.34874e-3 1.61710e-1
 1.00000e+5 4.88478e-3 1.28211e-1
 1.00000e+5 5.48191e-3 1.01836e-1
 1.00000e+5 6.89166e-3 6.44781e-2
 1.00000e+5 8.63301e-3 4.11175e-2
 1.00000e+5 1.07764e-2 2.64054e-2
 1.00000e+5 1.34053e-2 1.70752e-2
 1.00000e+5 1.66189e-2 1.11172e-2
 1.00000e+5 2.05337e-2 7.28682e-3
 1.00000e+5 2.52870e-2 4.80781e-3
 1.00000e+5 3.10395e-2 3.19284e-3
 1.00000e+5 3.79788e-2 2.13396e-3
 1.00000e+5 4.63231e-2 1.43525e-3
 1.00000e+5 5.63258e-2 9.71320e-4
 1.00000e+5 6.82795e-2 6.61372e-4
 1.00000e+5 8.25215e-2 4.53041e-4
 1.00000e+5 9.94393e-2 3.12174e-4
 1.00000e+5 1.19477e-1 2.16363e-4
 1.00000e+5 1.43141e-1 1.50819e-4
 1.00000e+5 1.71008e-1 1.05725e-4
 1.00000e+5 2.03734e-1 7.45268e-5
 1.00000e+5 2.42060e-1 5.28224e-5
 1.00000e+5 2.86821e-1 3.76409e-5
 1.00000e+5 3.38960e-1 2.69651e-5
 1.00000e+5 3.99533e-1 1.94181e-5
 1.00000e+5 4.69722e-1 1.40553e-5
 1.00000e+5 5.50847e-1 1.02251e-5
 1.00000e+5 6.44377e-1 7.47568e-6
 1.00000e+5 7.51942e-1 5.49238e-6
 1.00000e+5 8.75350e-1 4.05474e-6
 1.00000e+5 1.01659e+0 3.00763e-6
 1.00000e+5 1.17787e+0 2.24137e-6
 1.00000e+5 1.36160e+0 1.67802e-6
 1.00000e+5 1.57043e+0 1.26196e-6
 1.00000e+5 1.80725e+0 9.53298e-7
 1.00000e+5 2.07522e+0 7.23293e-7
 1.00000e+5 2.37779e+0 5.51155e-7
 1.00000e+5 2.71868e+0 4.21771e-7
 1.00000e+5 3.10194e+0 3.24113e-7
 1.00000e+5 3.53195e+0 2.50094e-7
 1.00000e+5 4.01341e+0 1.93762e-7
 1.00000e+5 4.55142e+0 1.50718e-7
 1.00000e+5 5.15140e+0 1.17698e-7
 1.00000e+5 5.81921e+0 9.22674e-8
 1.00000e+5 6.56108e+0 7.26074e-8
 1.00000e+5 7.38368e+0 5.73507e-8
 1.00000e+5 8.29409e+0 4.54672e-8
 1.00000e+5 1.04275e+1 2.87850e-8
 1.00000e+5 1.30163e+1 1.84859e-8
 1.00000e+5 1.61356e+1 1.20371e-8
 1.00000e+5 1.98686e+1 7.94381e-9
 1.00000e+5 2.43067e+1 5.31099e-9
 1.00000e+5 2.95493e+1 3.59572e-9
 1.00000e+5 3.57040e+1 2.46428e-9
 1.00000e+5 4.28864e+1 1.70892e-9
 1.00000e+5 5.12194e+1 1.19873e-9
 1.00000e+5 6.08331e+1 8.50223e-10
 1.00000e+5 7.18639e+1 6.09547e-10
 1.00000e+5 8.44539e+1 4.41568e-10
 1.00000e+5 9.87502e+1 3.23120e-10
 1.00000e+5 1.14904e+2 2.38764e-10
 1.00000e+5 1.33068e+2 1.78106e-10
 1.00000e+5 1.53398e+2 1.34081e-10
 1.00000e+5 1.76051e+2 1.01838e-10
 1.00000e+5 2.01181e+2 7.80161e-11
 1.00000e+5 2.28942e+2 6.02664e-11
 1.00000e+5 2.59483e+2 4.69321e-11
 1.00000e+5 2.92950e+2 3.68348e-11
 1.00000e+5 3.29482e+2 2.91297e-11
 1.00000e+5 4.13730e+2 1.84867e-11
 1.00000e+5 5.12180e+2 1.20705e-11
 1.00000e+5 6.25653e+2 8.09395e-12
 1.00000e+5 7.54767e+2 5.56474e-12
 1.00000e+5 8.99911e+2 3.91650e-12
 1.00000e+5 1.06124e+3 2.81765e-12
 1.00000e+5 1.23865e+3 2.06925e-12
 1.00000e+5 1.43182e+3 1.54924e-12
 1.00000e+5 1.64020e+3 1.18108e-12
 1.00000e+5 1.86301e+3 9.15814e-13
 1.00000e+5 2.09931e+3 7.21504e-13
 1.00000e+5 2.62614e+3 4.61368e-13
 1.00000e+5 3.19450e+3 3.11982e-13
 1.00000e+5 3.79187e+3 2.21540e-13
 1.00000e+5 4.40552e+3 1.64195e-13
 1.00000e+5 5.02340e+3 1.26336e-13
 1.00000e+5 6.32046e+3 7.98587e-14
 1.00000e+5 7.50865e+3 5.66133e-14
 1.00000e+5 8.54421e+3 4.37387e-14
 1.00000e+5 1.03714e+4 2.97021e-14
 1.00000e+5 1.25893e+4 2.01701e-14
 1.00000e+5 1.49624e+4 1.47358e-14
 1.00000e+5 1.70314e+4 1.16445e-14
 1.00000e+5 2.06836e+4 8.17982e-15
 1.00000e+5 2.51189e+4 5.74602e-15
 1.00000e+5 3.16228e+4 4.22421e-15
 1.00000e+5 3.98107e+4 3.10545e-15
 1.00000e+5 5.00000e+4 2.77550e-15
                                                                       1
  1000  9  0  0.00000e+0 910704  2  0.00000e+0  0.00000e+0  0.00000e+0  
82  0  0  0.00000e+0  0.00000e+0  0.00000e+0  0.00000e+0  0.00000e+0
 1.00000e-5 2.97832e+1
 2.07360e-5 3.38975e+1
 4.29982e-5 3.71698e+1
 8.91610e-5 3.87105e+1
 1.84884e-4 3.70725e+1
 2.66233e-4 3.45639e+1
 3.83376e-4 3.08248e+1
 4.60051e-4 2.85469e+1
 5.52061e-4 2.60670e+1
 6.62474e-4 2.34669e+1
 7.94968e-4 2.08606e+1
 9.53962e-4 1.83435e+1
 1.09051e-3 1.66150e+1
 1.26905e-3 1.48318e+1
 1.48384e-3 1.31936e+1
 1.72795e-3 1.17741e+1
 2.00000e-3 1.05580e+1
 2.24271e-3 9.69547e+0
 2.47912e-3 8.99633e+0
 2.81218e-3 8.18908e+0
 3.15521e-3 7.51483e+0
 3.56512e-3 6.85980e+0
 4.12126e-3 6.18081e+0
 4.68655e-3 5.62514e+0
 5.22137e-3 5.18949e+0
 5.94604e-3 4.70894e+0
 6.77128e-3 4.27291e+0
 7.74244e-3 3.86664e+0
 8.94096e-3 3.47537e+0
 1.04427e-2 3.10110e+0
 1.18921e-2 2.82197e+0
 1.35426e-2 2.56982e+0
 1.49291e-2 2.39635e+0
 1.72270e-2 2.16300e+0
 1.87607e-2 2.03489e+0
 2.11788e-2 1.86535e+0
 2.35795e-2 1.72675e+0
 2.70633e-2 1.56553e+0
 2.95437e-2 1.47050e+0
 3.36970e-2 1.33973e+0
 3.87970e-2 1.21443e+0
 4.39275e-2 1.11583e+0
 5.00000e-2 1.02397e+0
 5.45254e-2 9.68314e-1
 6.28541e-2 8.86339e-1
 7.10946e-2 8.24355e-1
 8.25388e-2 7.58047e-1
 9.38036e-2 7.08787e-1
 1.00000e-1 6.86529e-1
 1.13264e-1 6.47432e-1
 1.26905e-1 6.16305e-1
 1.42189e-1 5.89225e-1
 1.60614e-1 5.64363e-1
 1.81425e-1 5.43527e-1
 2.00000e-1 5.29594e-1
 2.24271e-1 5.16212e-1
 2.59024e-1 5.03480e-1
 2.98627e-1 4.95070e-1
 3.39695e-1 4.90741e-1
 3.87970e-1 4.89526e-1
 4.53028e-1 4.91341e-1
 5.00000e-1 4.94483e-1
 5.94604e-1 5.03440e-1
 7.07107e-1 5.16302e-1
 8.40896e-1 5.32803e-1
 1.00000e+0 5.52449e-1
 1.18921e+0 5.74749e-1
 1.54221e+0 6.12540e-1
 2.00000e+0 6.52635e-1
 3.00000e+0 7.17614e-1
 4.00000e+0 7.64106e-1
 5.47723e+0 8.09974e-1
 8.00000e+0 8.65397e-1
 1.00000e+1 8.94859e-1
 1.50000e+1 9.42100e-1
 2.00000e+1 9.71768e-1
 3.00000e+1 1.01080e+0
 4.00000e+1 1.03440e+0
 5.47723e+1 1.05418e+0
 8.00000e+1 1.06946e+0
 1.18921e+2 1.08137e+0
 1.68179e+2 1.08456e+0
 2.51487e+2 1.05994e+0
 3.16228e+2 1.03346e+0
 4.21072e+2 9.97160e-1
 5.94604e+2 9.60960e-1
 8.40896e+2 9.35188e-1
 1.18921e+3 9.17484e-1
 2.00000e+3 9.00523e-1
 3.16228e+3 8.94725e-1
 5.00000e+3 8.96329e-1
 8.40896e+3 9.03200e-1
 1.44000e+4 9.19283e-1
 2.98598e+4 9.46137e-1
 6.19174e+4 9.72978e-1
 1.00000e+5 9.90621e-1
                                                                       1
  1000  9  7  0.00000e+0 890125  2  0.00000e+0  0.00000e+0  0.00000e+0  
82 10  0  0.00000e+0  0.00000e+0  0.00000e+0  0.00000e+0  0.00000e+0
 1.00000e-5 2.14426e-6
 1.44000e-5 2.87181e-6
 2.07360e-5 3.84621e-6
 2.98599e-5 5.18351e-6
 4.29982e-5 6.98579e-6
 6.19174e-5 9.44196e-6
 1.17205e-4 1.59837e-5
 1.54070e-4 2.00191e-5
 1.84884e-4 2.32194e-5
 2.21861e-4 2.69312e-5
 2.66233e-4 3.11583e-5
 3.19480e-4 3.60488e-5
 3.83376e-4 4.16248e-5
 4.60051e-4 4.80633e-5
 5.52061e-4 5.53823e-5
 6.62474e-4 6.38158e-5
 7.94969e-4 7.36319e-5
 9.53962e-4 8.49578e-5
 1.16151e-3 9.84871e-5
 1.41421e-3 1.14171e-4
 1.88588e-3 1.41408e-4
 2.51487e-3 1.75142e-4
 3.54603e-3 2.26922e-4
 5.00000e-3 2.94011e-4
 7.07107e-3 3.84044e-4
 1.00000e-2 5.01647e-4
 1.41421e-2 6.54446e-4
 2.00000e-2 8.53786e-4
 3.16228e-2 1.22238e-3
 5.00000e-2 1.75011e-3
 6.48420e-2 2.12447e-3
 8.40896e-2 2.57890e-3
 1.09051e-1 3.09599e-3
 1.78092e-1 4.34634e-3
 2.66310e-1 5.71183e-3
 3.16228e-1 6.41900e-3
 4.45890e-1 8.19149e-3
 5.94604e-1 1.01774e-2
 7.71105e-1 1.25322e-2
 1.00000e+0 1.56405e-2
 1.35426e+0 2.05738e-2
 1.75625e+0 2.63655e-2
 2.07411e+0 3.11824e-2
 2.44949e+0 3.68793e-2
 2.91295e+0 4.41885e-2
 3.46410e+0 5.29463e-2
 4.16179e+0 6.46600e-2
 5.00000e+0 7.89653e-2
 6.32456e+0 1.02183e-1
 8.00000e+0 1.32226e-1
 1.00000e+1 1.69147e-1
 1.31607e+1 2.29389e-1
 1.73205e+1 3.11086e-1
 2.27951e+1 4.20361e-1
 3.00000e+1 5.68021e-1
 3.46410e+1 6.64119e-1
 4.00000e+1 7.76476e-1
 4.89898e+1 9.68050e-1
 6.00000e+1 1.20689e+0
 7.74597e+1 1.59201e+0
 1.00000e+2 2.10003e+0
 1.29684e+2 2.77951e+0
 2.05657e+2 4.61402e+0
 2.51487e+2 5.78695e+0
 3.16228e+2 7.56264e+0
 3.97635e+2 9.88318e+0
 5.30255e+2 1.37227e+1
 7.07107e+2 1.90538e+1
 9.99999e+2 2.77024e+1
 1.41421e+3 4.02767e+1
 2.11474e+3 6.11032e+1
 3.16228e+3 9.26989e+1
 4.72871e+3 1.38644e+2
 7.07107e+3 2.07361e+2
 1.00908e+4 2.92959e+2
 1.44000e+4 4.13891e+2
 2.07360e+4 5.87593e+2
 2.98598e+4 8.34193e+2
 4.29982e+4 1.18454e+3
 6.19174e+4 1.68203e+3
 7.86876e+4 2.11847e+3
 1.00000e+5 2.66815e+3
                                                                       1
  1000  9  7  0.00000e+0 890125  2  0.00000e+0  0.00000e+0  0.00000e+0  
82 21  0  0.00000e+0  0.00000e+0  0.00000e+0  0.00000e+0  0.00000e+0
 1.00000e-5 1.00000e-7 2.13940e+6
 1.00000e-5 1.33352e-7 1.60421e+6
 1.00000e-5 1.65482e-7 1.29268e+6
 1.00000e-5 2.28757e-7 9.35042e+5
 1.00000e-5 3.16228e-7 6.76351e+5
 1.00000e-5 4.21697e-7 5.07103e+5
 1.00000e-5 5.23299e-7 4.08591e+5
 1.00000e-5 7.23394e-7 2.95514e+5
 1.00000e-5 1.00000e-6 2.13731e+5
 1.00000e-5 1.41421e-6 1.51098e+5
 1.00000e-5 2.00000e-6 1.06819e+5
 1.00000e-5 2.82843e-6 7.54688e+4
 1.00000e-5 4.00000e-6 5.33194e+4
 1.00000e-5 5.65685e-6 3.76207e+4
 1.00000e-5 8.00000e-6 2.65441e+4
 1.00000e-5 9.90000e-6 2.14392e+4
 1.00000e-5 1.00000e-5 2.12245e+4
 2.07360e-5 1.00000e-7 1.84823e+6
 2.07360e-5 1.46080e-7 1.26507e+6
 2.07360e-5 1.94104e-7 9.51994e+5
 2.07360e-5 2.40224e-7 7.69173e+5
 2.07360e-5 3.30742e-7 5.58610e+5
 2.07360e-5 4.55368e-7 4.05689e+5
 2.07360e-5 6.65201e-7 2.77599e+5
 2.07360e-5 8.83886e-7 2.08851e+5
 2.07360e-5 1.09390e-6 1.68714e+5
 2.07360e-5 1.50609e-6 1.22496e+5
 2.07360e-5 2.07360e-6 8.89394e+4
 2.07360e-5 2.93251e-6 6.28614e+4
 2.07360e-5 4.14720e-6 4.44298e+4
 2.07360e-5 5.86503e-6 3.13618e+4
 2.07360e-5 8.29440e-6 2.21374e+4
 2.07360e-5 1.17301e-5 1.55833e+4
 2.07360e-5 1.65888e-5 1.09697e+4
 2.07360e-5 2.05286e-5 8.85527e+3
 2.07360e-5 2.07360e-5 8.76641e+3
 4.29982e-5 1.00000e-7 1.63414e+6
 4.29982e-5 1.26500e-7 1.29169e+6
 4.29982e-5 1.55389e-7 1.05147e+6
 4.29982e-5 2.22713e-7 7.33522e+5
 4.29982e-5 2.91737e-7 5.59918e+5
 4.29982e-5 3.57211e-7 4.57255e+5
 4.29982e-5 4.83977e-7 3.37450e+5
 4.29982e-5 6.55730e-7 2.49034e+5
 4.29982e-5 8.29499e-7 1.96771e+5
 4.29982e-5 1.01893e-6 1.60122e+5
 4.29982e-5 1.46040e-6 1.11637e+5
 4.29982e-5 1.91300e-6 8.51778e+4
 4.29982e-5 2.34234e-6 6.95368e+4
 4.29982e-5 3.17358e-6 5.12917e+4
 4.29982e-5 4.29982e-6 3.78338e+4
 4.29982e-5 6.08086e-6 2.67277e+4
 4.29982e-5 8.59963e-6 1.88818e+4
 4.29982e-5 1.21617e-5 1.33035e+4
 4.29982e-5 1.71993e-5 9.37319e+3
 4.29982e-5 2.43234e-5 6.56679e+3
 4.29982e-5 3.43985e-5 4.60065e+3
 4.29982e-5 4.25682e-5 3.70955e+3
 4.29982e-5 4.29982e-5 3.67219e+3
 4.60051e-4 1.00000e-7 1.20872e+6
 4.60051e-4 1.46698e-7 8.23891e+5
 4.60051e-4 1.95544e-7 6.18057e+5
 4.60051e-4 2.42582e-7 4.98193e+5
 4.60051e-4 3.35182e-7 3.60538e+5
 4.60051e-4 4.63129e-7 2.60918e+5
 4.60051e-4 6.79403e-7 1.77804e+5
 4.60051e-4 9.05620e-7 1.33359e+5
 4.60051e-4 1.12347e-6 1.07480e+5
 4.60051e-4 1.55232e-6 7.77665e+4
 4.60051e-4 2.14488e-6 5.62673e+4
 4.60051e-4 3.14650e-6 3.83002e+4
 4.60051e-4 4.19418e-6 2.87018e+4
 4.60051e-4 5.20309e-6 2.31175e+4
 4.60051e-4 7.18924e-6 1.67104e+4
 4.60051e-4 9.93355e-6 1.20791e+4
 4.60051e-4 1.45724e-5 8.18607e+3
 4.60051e-4 1.94245e-5 6.11442e+3
 4.60051e-4 2.40970e-5 4.91264e+3
 4.60051e-4 3.32954e-5 3.53798e+3
 4.60051e-4 4.60051e-5 2.54798e+3
 4.60051e-4 6.50610e-5 1.78453e+3
 4.60051e-4 9.20102e-5 1.24984e+3
 4.60051e-4 1.30122e-4 8.54208e+2
 4.60051e-4 1.84020e-4 5.83813e+2
 4.60051e-4 2.34233e-4 4.33983e+2
 4.60051e-4 2.98147e-4 3.22606e+2
 4.60051e-4 3.60978e-4 2.53907e+2
 4.60051e-4 4.37049e-4 1.99837e+2
 4.60051e-4 4.57745e-4 1.90655e+2
 4.60051e-4 4.60051e-4 1.89649e+2
 5.00000e-3 1.00000e-7 9.84826e+5
 5.00000e-3 1.30495e-7 7.54681e+5
 5.00000e-3 1.64716e-7 5.97883e+5
 5.00000e-3 2.01947e-7 4.87655e+5
 5.00000e-3 2.88479e-7 3.41375e+5
 5.00000e-3 3.76939e-7 2.61259e+5
 5.00000e-3 4.60669e-7 2.13772e+5
 5.00000e-3 6.22394e-7 1.58223e+5
 5.00000e-3 8.40896e-7 1.17109e+5
 5.00000e-3 1.09732e-6 8.97363e+4
 5.00000e-3 1.38509e-6 7.10886e+4
 5.00000e-3 1.69816e-6 5.79799e+4
 5.00000e-3 2.42581e-6 4.05848e+4
 5.00000e-3 3.16966e-6 3.10584e+4
 5.00000e-3 3.87375e-6 2.54120e+4
 5.00000e-3 5.23369e-6 1.88075e+4
 5.00000e-3 7.07107e-6 1.39195e+4
 5.00000e-3 9.22737e-6 1.06637e+4
 5.00000e-3 1.12661e-5 8.73216e+3
 5.00000e-3 1.51990e-5 6.47057e+3
 5.00000e-3 2.05048e-5 4.79472e+3
 5.00000e-3 2.67577e-5 3.67126e+3
 5.00000e-3 3.26696e-5 3.00507e+3
 5.00000e-3 4.40743e-5 2.22542e+3
 5.00000e-3 5.94604e-5 1.64805e+3
 5.00000e-3 7.75926e-5 1.25978e+3
 5.00000e-3 9.47359e-5 1.02988e+3
 5.00000e-3 1.27807e-4 7.61242e+2
 5.00000e-3 1.72424e-4 5.62679e+2
 5.00000e-3 2.25004e-4 4.26766e+2
 5.00000e-3 2.74717e-4 3.46846e+2
 5.00000e-3 3.70619e-4 2.54130e+2
 5.00000e-3 5.00000e-4 1.86199e+2
 5.00000e-3 6.48420e-4 1.38388e+2
 5.00000e-3 8.40896e-4 1.02854e+2
 5.00000e-3 1.01483e-3 8.11704e+1
 5.00000e-3 1.22474e-3 6.40583e+1
 5.00000e-3 1.45647e-3 5.04697e+1
 5.00000e-3 1.73205e-3 3.97637e+1
 5.00000e-3 2.08090e-3 2.99273e+1
 5.00000e-3 2.50000e-3 2.25242e+1
 5.00000e-3 2.84621e-3 1.78443e+1
 5.00000e-3 3.24037e-3 1.41367e+1
 5.00000e-3 3.74166e-3 1.03955e+1
 5.00000e-3 4.24264e-3 7.49160e+0
 5.00000e-3 4.50000e-3 6.14534e+0
 5.00000e-3 4.95000e-3 4.16734e+0
 5.00000e-3 5.00000e-3 4.01685e+0
 1.41421e-1 1.00000e-7 7.92494e+5
 1.41421e-1 1.44862e-7 5.47066e+5
 1.41421e-1 2.00349e-7 3.95552e+5
 1.41421e-1 2.66084e-7 2.97832e+5
 1.41421e-1 3.41071e-7 2.32350e+5
 1.41421e-1 4.23831e-7 1.86979e+5
 1.41421e-1 6.19872e-7 1.27844e+5
 1.41421e-1 8.24392e-7 9.61276e+4
 1.41421e-1 1.02096e-6 7.76198e+4
 1.41421e-1 1.40708e-6 5.63196e+4
 1.41421e-1 1.93923e-6 4.08645e+4
 1.41421e-1 2.80920e-6 2.82061e+4
 1.41421e-1 3.88523e-6 2.03922e+4
 1.41421e-1 5.15997e-6 1.53530e+4
 1.41421e-1 6.61414e-6 1.19766e+4
 1.41421e-1 8.21904e-6 9.63732e+3
 1.41421e-1 1.20207e-5 6.58863e+3
 1.41421e-1 1.59868e-5 4.95364e+3
 1.41421e-1 1.97987e-5 3.99964e+3
 1.41421e-1 2.72864e-5 2.90179e+3
 1.41421e-1 3.76060e-5 2.10529e+3
 1.41421e-1 5.44767e-5 1.45209e+3
 1.41421e-1 7.19326e-5 1.09902e+3
 1.41421e-1 8.86058e-5 8.91796e+2
 1.41421e-1 1.21134e-4 6.51859e+2
 1.41421e-1 1.65604e-4 4.76477e+2
 1.41421e-1 2.39897e-4 3.27707e+2
 1.41421e-1 3.16767e-4 2.47497e+2
 1.41421e-1 3.90190e-4 2.00508e+2
 1.41421e-1 5.33435e-4 1.46209e+2
 1.41421e-1 7.29266e-4 1.06615e+2
 1.41421e-1 1.05643e-3 7.28305e+1
 1.41421e-1 1.53036e-3 4.97518e+1
 1.41421e-1 1.95173e-3 3.83763e+1
 1.41421e-1 2.81098e-3 2.59983e+1
 1.41421e-1 4.04852e-3 1.76128e+1
 1.41421e-1 5.53479e-3 1.23164e+1
 1.41421e-1 7.56669e-3 8.61274e+0
 1.41421e-1 1.03445e-2 5.82097e+0
 1.41421e-1 1.41421e-2 3.93414e+0
 1.41421e-1 1.83400e-2 2.74589e+0
 1.41421e-1 2.37841e-2 1.91654e+0
 1.41421e-1 2.87037e-2 1.43884e+0
 1.41421e-1 3.46410e-2 1.08020e+0
 1.41421e-1 4.24264e-2 7.69344e-1
 1.41421e-1 4.89898e-2 5.89631e-1
 1.41421e-1 5.65685e-2 4.51897e-1
 1.41421e-1 7.07107e-2 2.89302e-1
 1.41421e-1 8.48528e-2 1.89527e-1
 1.41421e-1 9.31939e-2 1.48311e-1
 1.41421e-1 1.02355e-1 1.16058e-1
 1.41421e-1 1.13137e-1 8.49281e-2
 1.41421e-1 1.21780e-1 6.42156e-2
 1.41421e-1 1.27279e-1 5.13358e-2
 1.41421e-1 1.30767e-1 4.30307e-2
 1.41421e-1 1.34350e-1 3.39058e-2
 1.41421e-1 1.35757e-1 2.99846e-2
 1.41421e-1 1.37179e-1 2.50343e-2
 1.41421e-1 1.38586e-1 1.92822e-2
 1.41421e-1 1.40007e-1 1.40992e-2
 1.41421e-1 1.40712e-1 1.06095e-2
 1.41421e-1 1.41421e-1 7.98348e-3
 7.71105e-1 1.00000e-7 7.26885e+5
 7.71105e-1 1.23591e-7 5.88137e+5
 7.71105e-1 1.83849e-7 3.95370e+5
 7.71105e-1 2.60241e-7 2.79311e+5
 7.71105e-1 3.52716e-7 2.06080e+5
 7.71105e-1 4.60224e-7 1.57940e+5
 7.71105e-1 5.80859e-7 1.25138e+5
 7.71105e-1 7.12089e-7 1.02076e+5
 7.71105e-1 1.01706e-6 7.14681e+4
 7.71105e-1 1.32878e-6 5.47020e+4
 7.71105e-1 1.62381e-6 4.47632e+4
 7.71105e-1 2.19360e-6 3.31359e+4
 7.71105e-1 2.96332e-6 2.45288e+4
 7.71105e-1 3.66239e-6 1.98458e+4
 7.71105e-1 5.44802e-6 1.33400e+4
 7.71105e-1 7.71176e-6 9.42340e+3
 7.71105e-1 1.04521e-5 6.95229e+3
 7.71105e-1 1.36379e-5 5.32792e+3
 7.71105e-1 1.72127e-5 4.22118e+3
 7.71105e-1 2.11015e-5 3.44311e+3
 7.71105e-1 3.01386e-5 2.41049e+3
 7.71105e-1 3.93760e-5 1.84489e+3
 7.71105e-1 4.81186e-5 1.50963e+3
 7.71105e-1 6.50032e-5 1.11743e+3
 7.71105e-1 8.78126e-5 8.27119e+2
 7.71105e-1 1.08528e-4 6.68948e+2
 7.71105e-1 1.57224e-4 4.61408e+2
 7.71105e-1 2.07611e-4 3.49224e+2
 7.71105e-1 2.55740e-4 2.83380e+2
 7.71105e-1 3.49641e-4 2.07141e+2
 7.71105e-1 4.78020e-4 1.51413e+2
 7.71105e-1 5.90789e-4 1.22221e+2
 7.71105e-1 8.55871e-4 8.40167e+1
 7.71105e-1 1.13016e-3 6.34280e+1
 7.71105e-1 1.39216e-3 5.13709e+1
 7.71105e-1 1.90332e-3 3.74431e+1
 7.71105e-1 2.60217e-3 2.72914e+1
 7.71105e-1 3.21604e-3 2.19116e+1
 7.71105e-1 4.41877e-3 1.57633e+1
 7.71105e-1 6.07128e-3 1.13401e+1
 7.71105e-1 7.55337e-3 8.94476e+0
 7.71105e-1 1.04817e-2 6.26605e+0
 7.71105e-1 1.45453e-2 4.38954e+0
 7.71105e-1 1.95920e-2 3.09370e+0
 7.71105e-1 2.63897e-2 2.18040e+0
 7.71105e-1 3.45028e-2 1.54084e+0
 7.71105e-1 4.51101e-2 1.08887e+0
 7.71105e-1 5.51555e-2 8.16840e-1
 7.71105e-1 6.74379e-2 6.12769e-1
 7.71105e-1 7.94145e-2 4.75840e-1
 7.71105e-1 1.01483e-1 3.25617e-1
 7.71105e-1 1.29684e-1 2.22819e-1
 7.71105e-1 1.56508e-1 1.62234e-1
 7.71105e-1 1.88881e-1 1.18122e-1
 7.71105e-1 2.24619e-1 8.54396e-2
 7.71105e-1 2.67119e-1 6.17998e-2
 7.71105e-1 3.03506e-1 4.75534e-2
 7.71105e-1 3.44849e-1 3.65911e-2
 7.71105e-1 3.81638e-1 2.87513e-2
 7.71105e-1 4.22352e-1 2.25912e-2
 7.71105e-1 4.80841e-1 1.56933e-2
 7.71105e-1 5.19368e-1 1.21657e-2
 7.71105e-1 5.58097e-1 9.20916e-3
 7.71105e-1 6.04289e-1 6.44973e-3
 7.71105e-1 6.54305e-1 4.51713e-3
 7.71105e-1 6.83852e-1 3.57102e-3
 7.71105e-1 7.03439e-1 2.97554e-3
 7.71105e-1 7.22715e-1 2.37720e-3
 7.71105e-1 7.36376e-1 1.93132e-3
 7.71105e-1 7.42151e-1 1.70791e-3
 7.71105e-1 7.47972e-1 1.42378e-3
 7.71105e-1 7.51798e-1 1.21005e-3
 7.71105e-1 7.57574e-1 8.99479e-4
 7.71105e-1 7.63394e-1 6.45492e-4
 7.71105e-1 7.65314e-1 4.87489e-4
 7.71105e-1 7.68204e-1 3.19946e-4
 7.71105e-1 7.71105e-1 2.09985e-4
 3.46410e+0 1.00000e-7 6.57159e+5
 3.46410e+0 1.26526e-7 5.19384e+5
 3.46410e+0 1.57752e-7 4.16575e+5
 3.46410e+0 1.93992e-7 3.38755e+5
 3.46410e+0 2.85873e-7 2.29877e+5
 3.46410e+0 4.01341e-7 1.63740e+5
 3.46410e+0 5.40053e-7 1.21683e+5
 3.46410e+0 7.00235e-7 9.38477e+4
 3.46410e+0 8.78922e-7 7.47681e+4
 3.46410e+0 1.30824e-6 5.02319e+4
 3.46410e+0 1.76295e-6 3.72757e+4
 3.46410e+0 2.20498e-6 2.98031e+4
 3.46410e+0 3.08426e-6 2.13066e+4
 3.46410e+0 4.31417e-6 1.52324e+4
 3.46410e+0 5.45856e-6 1.20386e+4
 3.46410e+0 6.80571e-6 9.65538e+3
 3.46410e+0 8.36914e-6 7.85149e+3
 3.46410e+0 1.23330e-5 5.32775e+3
 3.46410e+0 1.73145e-5 3.79478e+3
 3.46410e+0 2.32988e-5 2.82000e+3
 3.46410e+0 3.02094e-5 2.17485e+3
 3.46410e+0 3.79183e-5 1.73265e+3
 3.46410e+0 5.64397e-5 1.16401e+3
 3.46410e+0 7.60567e-5 8.63750e+2
 3.46410e+0 9.51266e-5 6.90578e+2
 3.46410e+0 1.33060e-4 4.93685e+2
 3.46410e+0 1.86121e-4 3.52929e+2
 3.46410e+0 2.35492e-4 2.78852e+2
 3.46410e+0 2.89324e-4 2.26909e+2
 3.46410e+0 4.14811e-4 1.58192e+2
 3.46410e+0 5.43499e-4 1.20694e+2
 3.46410e+0 6.65596e-4 9.85284e+1
 3.46410e+0 9.02044e-4 7.26732e+1
 3.46410e+0 1.22249e-3 5.36028e+1
 3.46410e+0 1.54677e-3 4.22810e+1
 3.46410e+0 1.90035e-3 3.43544e+1
 3.46410e+0 2.72458e-3 2.38890e+1
 3.46410e+0 3.56983e-3 1.81912e+1
 3.46410e+0 4.37179e-3 1.48288e+1
 3.46410e+0 5.92483e-3 1.09138e+1
 3.46410e+0 8.02958e-3 8.03242e+0
 3.46410e+0 1.01595e-2 6.30217e+0
 3.46410e+0 1.44593e-2 4.37981e+0
 3.46410e+0 2.05787e-2 3.04384e+0
 3.46410e+0 2.92880e-2 2.08687e+0
 3.46410e+0 4.16832e-2 1.43077e+0
 3.46410e+0 5.00025e-2 1.16247e+0
 3.46410e+0 6.56958e-2 8.51330e-1
 3.46410e+0 8.63144e-2 6.23469e-1
 3.46410e+0 1.10625e-1 4.57147e-1
 3.46410e+0 1.41782e-1 3.35195e-1
 3.46410e+0 1.77261e-1 2.46532e-1
 3.46410e+0 2.21619e-1 1.81322e-1
 3.46410e+0 2.70229e-1 1.34714e-1
 3.46410e+0 3.13563e-1 1.07804e-1
 3.46410e+0 3.91936e-1 7.71732e-2
 3.46410e+0 4.89898e-1 5.52458e-2
 3.46410e+0 6.12879e-1 3.96339e-2
 3.46410e+0 7.66732e-1 2.84337e-2
 3.46410e+0 8.92643e-1 2.21242e-2
 3.46410e+0 1.03923e+0 1.72149e-2
 3.46410e+0 1.20000e+0 1.33328e-2
 3.46410e+0 1.38564e+0 1.03262e-2
 3.46410e+0 1.73205e+0 6.62780e-3
 3.46410e+0 2.07846e+0 4.37476e-3
 3.46410e+0 2.33320e+0 3.21058e-3
 3.46410e+0 2.59230e+0 2.27689e-3
 3.46410e+0 2.77128e+0 1.73018e-3
 3.46410e+0 2.91783e+0 1.32678e-3
 3.46410e+0 3.01611e+0 1.06974e-3
 3.46410e+0 3.11769e+0 8.18113e-4
 3.46410e+0 3.20312e+0 6.24785e-4
 3.46410e+0 3.29090e+0 4.52634e-4
 3.46410e+0 3.32536e+0 3.88272e-4
 3.46410e+0 3.35144e+0 3.27012e-4
 3.46410e+0 3.36876e+0 2.78695e-4
 3.46410e+0 3.39032e+0 2.16840e-4
 3.46410e+0 3.42946e+0 1.26431e-4
 3.46410e+0 3.43809e+0 8.13430e-5
 3.46410e+0 3.44457e+0 5.84344e-5
 3.46410e+0 3.45432e+0 3.55788e-5
 3.46410e+0 3.46410e+0 2.16628e-5
 1.00000e+1 1.00000e-7 6.08334e+5
 1.00000e+1 1.28640e-7 4.72898e+5
 1.00000e+1 1.62897e-7 3.73446e+5
 1.00000e+1 2.03256e-7 2.99294e+5
 1.00000e+1 2.50130e-7 2.43207e+5
 1.00000e+1 3.69101e-7 1.64815e+5
 1.00000e+1 5.18803e-7 1.17257e+5
 1.00000e+1 6.98839e-7 8.70491e+4
 1.00000e+1 9.06943e-7 6.70751e+4
 1.00000e+1 1.13929e-6 5.33960e+4
 1.00000e+1 1.69814e-6 3.58234e+4
 1.00000e+1 2.29077e-6 2.65558e+4
 1.00000e+1 2.86738e-6 2.12156e+4
 1.00000e+1 4.01553e-6 1.51495e+4
 1.00000e+1 5.62341e-6 1.08178e+4
 1.00000e+1 7.23394e-6 8.40928e+3
 1.00000e+1 9.16039e-6 6.64070e+3
 1.00000e+1 1.14299e-5 5.32203e+3
 1.00000e+1 1.40659e-5 4.32464e+3
 1.00000e+1 2.07561e-5 2.93063e+3
 1.00000e+1 2.91744e-5 2.08495e+3
 1.00000e+1 3.92986e-5 1.54779e+3
 1.00000e+1 5.10012e-5 1.19262e+3
 1.00000e+1 6.40667e-5 9.49388e+2
 1.00000e+1 9.54937e-5 6.36930e+2
 1.00000e+1 1.28819e-4 4.72147e+2
 1.00000e+1 1.61245e-4 3.77196e+2
 1.00000e+1 2.25810e-4 2.69340e+2
 1.00000e+1 3.16228e-4 1.92324e+2
 1.00000e+1 4.06795e-4 1.49476e+2
 1.00000e+1 5.07082e-4 1.19892e+2
 1.00000e+1 7.45690e-4 8.15033e+1
 1.00000e+1 9.95792e-4 6.10188e+1
 1.00000e+1 1.23702e-3 4.91111e+1
 1.00000e+1 1.71273e-3 3.54613e+1
 1.00000e+1 2.37137e-3 2.56052e+1
 1.00000e+1 3.05052e-3 1.98743e+1
 1.00000e+1 3.80257e-3 1.59225e+1
 1.00000e+1 5.59189e-3 1.08023e+1
 1.00000e+1 7.46739e-3 8.07511e+0
 1.00000e+1 9.27634e-3 6.49189e+0
 1.00000e+1 1.28436e-2 4.67956e+0
 1.00000e+1 1.77828e-2 3.37318e+0
 1.00000e+1 2.28757e-2 2.60623e+0
 1.00000e+1 3.33763e-2 1.77000e+0
 1.00000e+1 4.86968e-2 1.20208e+0
 1.00000e+1 7.10497e-2 8.06241e-1
 1.00000e+1 1.03663e-1 5.40748e-1
 1.00000e+1 1.25956e-1 4.34550e-1
 1.00000e+1 1.68699e-1 3.13044e-1
 1.00000e+1 2.25946e-1 2.25513e-1
 1.00000e+1 2.94687e-1 1.62844e-1
 1.00000e+1 3.84341e-1 1.17591e-1
 1.00000e+1 4.88132e-1 8.52478e-2
 1.00000e+1 6.19952e-1 6.18006e-2
 1.00000e+1 7.29597e-1 4.89087e-2
 1.00000e+1 9.31474e-1 3.44330e-2
 1.00000e+1 1.18921e+0 2.42418e-2
 1.00000e+1 1.62239e+0 1.60815e-2
 1.00000e+1 2.21336e+0 1.06681e-2
 1.00000e+1 2.57684e+0 8.45077e-3
 1.00000e+1 3.00000e+0 6.69429e-3
 1.00000e+1 3.66284e+0 4.80049e-3
 1.00000e+1 4.47214e+0 3.44244e-3
 1.00000e+1 5.18004e+0 2.60162e-3
 1.00000e+1 6.00000e+0 1.96617e-3
 1.00000e+1 7.00000e+0 1.38965e-3
 1.00000e+1 7.73735e+0 1.05262e-3
 1.00000e+1 8.23907e+0 8.49737e-4
 1.00000e+1 8.61113e+0 6.95833e-4
 1.00000e+1 8.86846e+0 5.80674e-4
 1.00000e+1 9.12248e+0 4.62053e-4
 1.00000e+1 9.30933e+0 3.69400e-4
 1.00000e+1 9.45197e+0 2.95346e-4
 1.00000e+1 9.54961e+0 2.44679e-4
 1.00000e+1 9.64961e+0 1.91483e-4
 1.00000e+1 9.72478e+0 1.50268e-4
 1.00000e+1 9.82452e+0 1.00678e-4
 1.00000e+1 9.90000e+0 7.20914e-5
 1.00000e+1 9.91245e+0 5.26533e-5
 1.00000e+1 9.93426e+0 3.03825e-5
 1.00000e+1 9.95066e+0 2.01151e-5
 1.00000e+1 9.96297e+0 1.47638e-5
 1.00000e+1 9.98147e+0 9.28343e-6
 1.00000e+1 1.00000e+1 5.83740e-6
 1.00000e+5 1.00000e-7 3.65591e+5
 1.00000e+5 1.48551e-7 2.46105e+5
 1.00000e+5 2.15282e-7 1.69820e+5
 1.00000e+5 3.04838e-7 1.19930e+5
 1.00000e+5 4.22367e-7 8.65576e+4
 1.00000e+5 5.73403e-7 6.37582e+4
 1.00000e+5 7.63714e-7 4.78701e+4
 1.00000e+5 9.99132e-7 3.65909e+4
 1.00000e+5 1.28535e-6 2.84429e+4
 1.00000e+5 1.62773e-6 2.24602e+4
 1.00000e+5 2.03111e-6 1.79996e+4
 1.00000e+5 2.49963e-6 1.46258e+4
 1.00000e+5 3.68885e-6 9.91071e+3
 1.00000e+5 5.18537e-6 7.05044e+3
 1.00000e+5 6.98525e-6 5.23376e+3
 1.00000e+5 9.06586e-6 4.03261e+3
 1.00000e+5 1.13889e-5 3.21006e+3
 1.00000e+5 1.69770e-5 2.15344e+3
 1.00000e+5 2.29032e-5 1.59624e+3
 1.00000e+5 2.86696e-5 1.27518e+3
 1.00000e+5 4.01524e-5 9.10509e+2
 1.00000e+5 5.62341e-5 6.50123e+2
 1.00000e+5 8.35362e-5 4.37644e+2
 1.00000e+5 1.21062e-4 3.01987e+2
 1.00000e+5 1.71423e-4 2.13268e+2
 1.00000e+5 2.37515e-4 1.53924e+2
 1.00000e+5 3.22448e-4 1.13380e+2
 1.00000e+5 4.29468e-4 8.51264e+1
 1.00000e+5 5.61853e-4 6.50688e+1
 1.00000e+5 7.22805e-4 5.05794e+1
 1.00000e+5 9.15340e-4 3.99404e+1
 1.00000e+5 1.14218e-3 3.20082e+1
 1.00000e+5 1.40564e-3 2.60088e+1
 1.00000e+5 2.07439e-3 1.76240e+1
 1.00000e+5 2.91595e-3 1.25376e+1
 1.00000e+5 3.92810e-3 9.30707e+0
 1.00000e+5 5.09811e-3 7.17110e+0
 1.00000e+5 6.40447e-3 5.70837e+0
 1.00000e+5 9.54690e-3 3.82942e+0
 1.00000e+5 1.28794e-2 2.83856e+0
 1.00000e+5 1.61221e-2 2.26763e+0
 1.00000e+5 2.25794e-2 1.61914e+0
 1.00000e+5 3.16228e-2 1.15610e+0
 1.00000e+5 4.69759e-2 7.78250e-1
 1.00000e+5 6.64149e-2 5.50463e-1
 1.00000e+5 8.99203e-2 4.06571e-1
 1.00000e+5 1.17220e-1 3.11884e-1
 1.00000e+5 1.47826e-1 2.47311e-1
 1.00000e+5 1.81095e-1 2.01877e-1
 1.00000e+5 2.58333e-1 1.41518e-1
 1.00000e+5 3.37198e-1 1.08419e-1
 1.00000e+5 4.11778e-1 8.87826e-2
 1.00000e+5 5.55689e-1 6.57900e-2
 1.00000e+5 7.49894e-1 4.87518e-2
 1.00000e+5 1.11397e+0 3.28174e-2
 1.00000e+5 1.57495e+0 2.32114e-2
 1.00000e+5 2.13234e+0 1.71436e-2
 1.00000e+5 2.77971e+0 1.31507e-2
 1.00000e+5 3.50550e+0 1.04278e-2
 1.00000e+5 4.29444e+0 8.51197e-3
 1.00000e+5 6.12604e+0 5.96685e-3
 1.00000e+5 7.99622e+0 4.57122e-3
 1.00000e+5 9.76481e+0 3.74323e-3
 1.00000e+5 1.31775e+1 2.77376e-3
 1.00000e+5 1.77828e+1 2.05538e-3
 1.00000e+5 2.64165e+1 1.38330e-3
 1.00000e+5 3.55452e+1 1.02786e-3
 1.00000e+5 4.44080e+1 8.22621e-4
 1.00000e+5 6.20127e+1 5.88974e-4
 1.00000e+5 8.65964e+1 4.21689e-4
 1.00000e+5 1.28640e+2 2.83550e-4
 1.00000e+5 1.73094e+2 2.10552e-4
 1.00000e+5 2.16253e+2 1.68425e-4
 1.00000e+5 3.01982e+2 1.20497e-4
 1.00000e+5 4.21697e+2 8.62075e-5
 1.00000e+5 6.26434e+2 5.78352e-5
 1.00000e+5 9.30572e+2 3.88007e-5
 1.00000e+5 1.13420e+3 3.17160e-5
 1.00000e+5 1.52614e+3 2.34388e-5
 1.00000e+5 2.05353e+3 1.73218e-5
 1.00000e+5 2.50287e+3 1.40973e-5
 1.00000e+5 3.36778e+3 1.03502e-5
 1.00000e+5 4.53158e+3 7.59912e-6
 1.00000e+5 5.52316e+3 6.13405e-6
 1.00000e+5 7.43179e+3 4.44860e-6
 1.00000e+5 1.00000e+4 3.22626e-6
 1.00000e+5 1.41421e+4 2.18089e-6
 1.00000e+5 2.00000e+4 1.47424e-6
 1.00000e+5 2.37841e+4 1.19561e-6
 1.00000e+5 3.08442e+4 8.73224e-7
 1.00000e+5 4.00000e+4 6.37764e-7
 1.00000e+5 4.89898e+4 5.01151e-7
 1.00000e+5 6.00000e+4 3.93802e-7
 1.00000e+5 7.48331e+4 3.14897e-7
 1.00000e+5 9.70000e+4 2.56944e-7
 1.00000e+5 9.90000e+4 2.43686e-7
 1.00000e+5 9.90622e+4 1.65849e-7
 1.00000e+5 9.91206e+4 1.15622e-7
 1.00000e+5 9.91753e+4 8.24437e-8
 1.00000e+5 9.92266e+4 6.00422e-8
 1.00000e+5 9.92748e+4 4.46027e-8
 1.00000e+5 9.93652e+4 2.55452e-8
 1.00000e+5 9.94443e+4 1.56860e-8
 1.00000e+5 9.95136e+4 1.02374e-8
 1.00000e+5 9.95743e+4 7.04749e-9
 1.00000e+5 9.96274e+4 5.08332e-9
 1.00000e+5 9.96739e+4 3.81941e-9
 1.00000e+5 9.97553e+4 2.31596e-9
 1.00000e+5 9.98164e+4 1.59142e-9
 1.00000e+5 9.99082e+4 9.06486e-10
 1.00000e+5 1.00000e+5 5.16344e-10
                                                                       1
  1000  9  9  0.00000e+0 890125  2  0.00000e+0  0.00000e+0  0.00000e+0  
82 10  0  0.00000e+0  0.00000e+0  0.00000e+0  0.00000e+0  0.00000e+0
 1.00000e-5 7.85574e-6
 1.44000e-5 1.15188e-5
 2.07360e-5 1.68898e-5
 2.98599e-5 2.46626e-5
 4.29982e-5 3.60124e-5
 6.19174e-5 5.24530e-5
 1.17205e-4 1.01200e-4
 1.54070e-4 1.34051e-4
 1.84884e-4 1.61650e-4
 2.21861e-4 1.94930e-4
 2.66233e-4 2.35051e-4
 3.19480e-4 2.83431e-4
 3.83376e-4 3.41717e-4
 4.60051e-4 4.11988e-4
 5.52061e-4 4.96629e-4
 6.62474e-4 5.98658e-4
 7.94969e-4 7.21274e-4
 9.53962e-4 8.69004e-4
 1.16151e-3 1.06289e-3
 1.41421e-3 1.30004e-3
 1.88588e-3 1.74406e-3
 2.51487e-3 2.33973e-3
 3.54603e-3 3.31824e-3
 5.00000e-3 4.70599e-3
 7.07107e-3 6.68574e-3
 1.00000e-2 9.49835e-3
 1.41421e-2 1.34854e-2
 2.00000e-2 1.91462e-2
 3.16228e-2 3.03941e-2
 5.00000e-2 4.82499e-2
 6.48420e-2 6.27127e-2
 8.40896e-2 8.15107e-2
 1.09051e-1 1.05945e-1
 1.41421e-1 1.37705e-1
 1.78092e-1 1.73733e-1
 2.66310e-1 2.60589e-1
 3.16228e-1 3.09809e-1
 3.75504e-1 3.68243e-1
 5.14906e-1 5.05769e-1
 6.77128e-1 6.65830e-1
 8.78126e-1 8.64123e-1
 1.00000e+0 9.84360e-1
 1.16373e+0 1.14578e+0
 1.54221e+0 1.51892e+0
 1.75625e+0 1.72989e+0
 2.07411e+0 2.04293e+0
 2.44949e+0 2.41261e+0
 2.91295e+0 2.86876e+0
 3.46410e+0 3.41116e+0
 4.16179e+0 4.09712e+0
 5.00000e+0 4.92103e+0
 6.32456e+0 6.22234e+0
 8.00000e+0 7.86777e+0
 1.00000e+1 9.83085e+0
 1.31607e+1 1.29312e+1
 1.73205e+1 1.70094e+1
 2.27951e+1 2.23746e+1
 3.00000e+1 2.94320e+1
 3.46410e+1 3.39768e+1
 4.00000e+1 3.92235e+1
 4.89898e+1 4.80216e+1
 6.00000e+1 5.87931e+1
 7.74597e+1 7.58673e+1
 1.00000e+2 9.79000e+1
 1.29684e+2 1.26904e+2
 2.05657e+2 2.01041e+2
 2.51487e+2 2.45700e+2
 3.16228e+2 3.08659e+2
 3.97635e+2 3.87752e+2
 5.30255e+2 5.16521e+2
 7.07107e+2 6.88053e+2
 9.99999e+2 9.72288e+2
 1.41421e+3 1.37394e+3
 2.11474e+3 2.05364e+3
 3.16228e+3 3.06958e+3
 4.72871e+3 4.59007e+3
 7.07107e+3 6.86371e+3
 1.00908e+4 9.79778e+3
 1.44000e+4 1.39861e+4
 2.07360e+4 2.01483e+4
 2.98598e+4 2.90256e+4
 4.29982e+4 4.18135e+4
 6.19174e+4 6.02353e+4
 7.86876e+4 7.65690e+4
 1.00000e+5 9.73318e+4
                                                                       1
  1000  9  0  0.00000e+0 910714  2  0.00000e+0  0.00000e+0  0.00000e+0  
83  0  0  0.00000e+0  0.00000e+0  0.00000e+0  0.00000e+0  0.00000e+0
 1.36100e-5 0.00000e+0
 1.37840e-5 6.23029e+5
 1.40880e-5 1.69561e+6
 1.45440e-5 3.26385e+6
 1.50000e-5 4.78371e+6
 1.56250e-5 7.49128e+6
 1.67190e-5 1.39115e+7
 1.75000e-5 1.94309e+7
 1.83590e-5 2.61205e+7
 2.00000e-5 3.85764e+7
 2.25000e-5 5.22761e+7
 2.50000e-5 5.95618e+7
 2.62500e-5 6.21339e+7
 3.00000e-5 6.78036e+7
 3.50000e-5 7.24440e+7
 4.00000e-5 7.51775e+7
 4.50000e-5 7.70158e+7
 5.00000e-5 7.63606e+7
 5.50000e-5 7.60490e+7
 6.00000e-5 7.45789e+7
 7.00000e-5 7.18511e+7
 8.00000e-5 6.76166e+7
 9.00000e-5 6.43169e+7
 1.00000e-4 6.14387e+7
 1.25000e-4 5.44228e+7
 1.50000e-4 4.92986e+7
 1.75000e-4 4.45692e+7
 2.00000e-4 4.07783e+7
 2.50000e-4 3.46590e+7
 3.00000e-4 3.00772e+7
 3.50000e-4 2.65561e+7
 4.00000e-4 2.37122e+7
 4.50000e-4 2.14035e+7
 5.00000e-4 1.95184e+7
 5.50000e-4 1.79665e+7
 6.00000e-4 1.66515e+7
 7.00000e-4 1.45608e+7
 8.00000e-4 1.29639e+7
 9.00000e-4 1.17058e+7
 1.00000e-3 1.06789e+7
 1.25000e-3 8.79808e+6
 1.50000e-3 7.48806e+6
 1.75000e-3 6.53371e+6
 2.00000e-3 5.80597e+6
 2.50000e-3 4.76724e+6
 3.00000e-3 4.05851e+6
 3.50000e-3 3.54246e+6
 4.00000e-3 3.14901e+6
 4.50000e-3 2.83984e+6
 5.00000e-3 2.58698e+6
 5.50000e-3 2.37784e+6
 6.00000e-3 2.20112e+6
 7.00000e-3 1.91905e+6
 8.00000e-3 1.70341e+6
 9.00000e-3 1.53356e+6
 1.00000e-2 1.39537e+6
 1.12500e-2 1.26260e+6
 1.25000e-2 1.15429e+6
 1.31250e-2 1.10786e+6
 1.50000e-2 9.89121e+5
 1.75000e-2 8.68521e+5
 2.00000e-2 7.76474e+5
 2.50000e-2 6.44705e+5
 3.00000e-2 5.54696e+5
 3.50000e-2 4.89136e+5
 4.00000e-2 4.39314e+5
 4.50000e-2 3.99530e+5
 5.00000e-2 3.68163e+5
 5.50000e-2 3.41529e+5
 6.00000e-2 3.19741e+5
 7.00000e-2 2.84641e+5
 8.00000e-2 2.58042e+5
 9.00000e-2 2.36607e+5
 1.00000e-1 2.20300e+5
 1.25000e-1 1.89732e+5
 1.50000e-1 1.69195e+5
 1.75000e-1 1.54500e+5
 2.00000e-1 1.43517e+5
 2.50000e-1 1.28243e+5
 3.00000e-1 1.18263e+5
 3.50000e-1 1.10545e+5
 4.00000e-1 1.06297e+5
 4.50000e-1 1.02112e+5
 5.00000e-1 9.96737e+4
 5.50000e-1 9.71956e+4
 6.00000e-1 9.57073e+4
 7.00000e-1 9.26898e+4
 8.00000e-1 9.16580e+4
 9.00000e-1 9.04175e+4
 1.00000e+0 9.00794e+4
 1.25000e+0 8.82610e+4
 1.50000e+0 8.79333e+4
 1.75000e+0 8.69412e+4
 2.00000e+0 8.64685e+4
 2.50000e+0 8.53856e+4
 3.00000e+0 8.49616e+4
 3.50000e+0 8.43995e+4
 4.00000e+0 8.40362e+4
 4.50000e+0 8.36597e+4
 5.00000e+0 8.33659e+4
 5.50000e+0 8.30970e+4
 6.00000e+0 8.28673e+4
 7.00000e+0 8.26246e+4
 8.00000e+0 8.24348e+4
 9.00000e+0 8.22787e+4
 1.00000e+1 8.21372e+4
 1.25000e+1 8.20293e+4
 1.50000e+1 8.19309e+4
 1.75000e+1 8.18801e+4
 2.00000e+1 8.18293e+4
 2.50000e+1 8.17945e+4
 3.00000e+1 8.17358e+4
 3.50000e+1 8.17105e+4
 4.00000e+1 8.16757e+4
 4.50000e+1 8.16456e+4
 5.00000e+1 8.16061e+4
 5.50000e+1 8.15951e+4
 6.00000e+1 8.15794e+4
 7.00000e+1 8.15526e+4
 8.00000e+1 8.15117e+4
 9.00000e+1 8.14850e+4
 1.00000e+2 8.14489e+4
 1.25000e+2 8.14630e+4
 1.50000e+2 8.14533e+4
 1.75000e+2 8.14531e+4
 2.00000e+2 8.14481e+4
 2.50000e+2 8.14619e+4
 3.00000e+2 8.14520e+4
 3.50000e+2 8.14564e+4
 4.00000e+2 8.14465e+4
 4.50000e+2 8.14366e+4
 5.00000e+2 8.14219e+4
 5.50000e+2 8.14310e+4
 6.00000e+2 8.14306e+4
 7.00000e+2 8.14393e+4
 8.00000e+2 8.14385e+4
 9.00000e+2 8.14424e+4
 1.00000e+3 8.14368e+4
 1.25000e+3 8.14511e+4
 1.50000e+3 8.14416e+4
 1.75000e+3 8.14463e+4
 2.00000e+3 8.14416e+4
 2.50000e+3 8.14558e+4
 3.00000e+3 8.14463e+4
 3.50000e+3 8.14511e+4
 4.00000e+3 8.14416e+4
 4.50000e+3 8.14369e+4
 5.00000e+3 8.14226e+4
 5.50000e+3 8.14274e+4
 6.00000e+3 8.14322e+4
 7.00000e+3 8.14417e+4
 8.00000e+3 8.14369e+4
 9.00000e+3 8.14417e+4
 1.00000e+4 8.14417e+4
 1.25000e+4 8.14512e+4
 1.50000e+4 8.14464e+4
 1.75000e+4 8.14512e+4
 2.00000e+4 8.14417e+4
 2.50000e+4 8.14559e+4
 3.00000e+4 8.14512e+4
 3.50000e+4 8.14512e+4
 4.00000e+4 8.14464e+4
 4.50000e+4 8.14369e+4
 5.00000e+4 8.14227e+4
 5.50000e+4 8.14321e+4
 6.00000e+4 8.14369e+4
 7.00000e+4 8.14416e+4
 8.00000e+4 8.14416e+4
 9.00000e+4 8.14416e+4
 1.00000e+5 8.14416e+4
                                                                       1
  1000  9  0  0.00000e+0 910714  2  0.00000e+0  0.00000e+0  0.00000e+0  
83 11  0  0.00000e+0  0.00000e+0  0.00000e+0  0.00000e+0  0.00000e+0
 1.36100e-5 1.36100e-5
 1.37840e-5 1.36970e-5
 1.40880e-5 1.37538e-5
 1.45440e-5 1.38462e-5
 1.50000e-5 1.39469e-5
 1.56250e-5 1.40897e-5
 1.67190e-5 1.43270e-5
 1.75000e-5 1.45104e-5
 1.83590e-5 1.46563e-5
 2.00000e-5 1.49545e-5
 2.25000e-5 1.53573e-5
 2.50000e-5 1.57054e-5
 2.62500e-5 1.58632e-5
 3.00000e-5 1.62750e-5
 3.50000e-5 1.67053e-5
 4.00000e-5 1.70171e-5
 4.50000e-5 1.72289e-5
 5.00000e-5 1.74449e-5
 5.50000e-5 1.75781e-5
 6.00000e-5 1.77168e-5
 7.00000e-5 1.78703e-5
 8.00000e-5 1.80385e-5
 9.00000e-5 1.81259e-5
 1.00000e-4 1.82214e-5
 1.25000e-4 1.83710e-5
 1.50000e-4 1.84770e-5
 1.75000e-4 1.85458e-5
 2.00000e-4 1.86259e-5
 2.50000e-4 1.87296e-5
 3.00000e-4 1.88112e-5
 3.50000e-4 1.88668e-5
 4.00000e-4 1.89333e-5
 4.50000e-4 1.89745e-5
 5.00000e-4 1.90220e-5
 5.50000e-4 1.90549e-5
 6.00000e-4 1.90919e-5
 7.00000e-4 1.91487e-5
 8.00000e-4 1.91964e-5
 9.00000e-4 1.92315e-5
 1.00000e-3 1.92727e-5
 1.25000e-3 1.93451e-5
 1.50000e-3 1.94016e-5
 1.75000e-3 1.94468e-5
 2.00000e-3 1.94851e-5
 2.50000e-3 1.95463e-5
 3.00000e-3 1.95939e-5
 3.50000e-3 1.96324e-5
 4.00000e-3 1.96646e-5
 4.50000e-3 1.96881e-5
 5.00000e-3 1.97160e-5
 5.50000e-3 1.97343e-5
 6.00000e-3 1.97554e-5
 7.00000e-3 1.97880e-5
 8.00000e-3 1.98150e-5
 9.00000e-3 1.98348e-5
 1.00000e-2 1.98585e-5
 1.12500e-2 1.98773e-5
 1.25000e-2 1.98997e-5
 1.31250e-2 1.99069e-5
 1.50000e-2 1.99318e-5
 1.75000e-2 1.99581e-5
 2.00000e-2 1.99801e-5
 2.50000e-2 2.00138e-5
 3.00000e-2 2.00416e-5
 3.50000e-2 2.00643e-5
 4.00000e-2 2.00836e-5
 4.50000e-2 2.00979e-5
 5.00000e-2 2.01147e-5
 5.50000e-2 2.01262e-5
 6.00000e-2 2.01394e-5
 7.00000e-2 2.01598e-5
 8.00000e-2 2.01770e-5
 9.00000e-2 2.01901e-5
 1.00000e-1 2.02052e-5
 1.25000e-1 2.02327e-5
 1.50000e-1 2.02547e-5
 1.75000e-1 2.02732e-5
 2.00000e-1 2.02889e-5
 2.50000e-1 2.03153e-5
 3.00000e-1 2.03369e-5
 3.50000e-1 2.03538e-5
 4.00000e-1 2.03722e-5
 4.50000e-1 2.03865e-5
 5.00000e-1 2.04016e-5
 5.50000e-1 2.04145e-5
 6.00000e-1 2.04279e-5
 7.00000e-1 2.04510e-5
 8.00000e-1 2.04750e-5
 9.00000e-1 2.04960e-5
 1.00000e+0 2.05174e-5
 1.25000e+0 2.05583e-5
 1.50000e+0 2.05997e-5
 1.75000e+0 2.06415e-5
 2.00000e+0 2.06838e-5
 2.50000e+0 2.07154e-5
 3.00000e+0 2.07470e-5
 3.50000e+0 2.07786e-5
 4.00000e+0 2.08101e-5
 4.50000e+0 2.08416e-5
 5.00000e+0 2.08730e-5
 5.50000e+0 2.09045e-5
 6.00000e+0 2.09359e-5
 7.00000e+0 2.09526e-5
 8.00000e+0 2.09693e-5
 9.00000e+0 2.09860e-5
 1.00000e+1 2.10027e-5
 1.25000e+1 2.10047e-5
 1.50000e+1 2.10067e-5
 1.75000e+1 2.10088e-5
 2.00000e+1 2.10108e-5
 2.50000e+1 2.10149e-5
 3.00000e+1 2.10189e-5
 3.50000e+1 2.10230e-5
 4.00000e+1 2.10271e-5
 4.50000e+1 2.10311e-5
 5.00000e+1 2.10352e-5
 5.50000e+1 2.10393e-5
 6.00000e+1 2.10433e-5
 7.00000e+1 2.10514e-5
 8.00000e+1 2.10596e-5
 9.00000e+1 2.10677e-5
 1.00000e+2 2.10758e-5
 1.25000e+2 2.10758e-5
 1.50000e+2 2.10759e-5
 1.75000e+2 2.10759e-5
 2.00000e+2 2.10760e-5
 2.50000e+2 2.10761e-5
 3.00000e+2 2.10762e-5
 3.50000e+2 2.10763e-5
 4.00000e+2 2.10764e-5
 4.50000e+2 2.10765e-5
 5.00000e+2 2.10766e-5
 5.50000e+2 2.10767e-5
 6.00000e+2 2.10768e-5
 7.00000e+2 2.10771e-5
 8.00000e+2 2.10773e-5
 9.00000e+2 2.10775e-5
 1.00000e+3 2.10777e-5
 1.25000e+3 2.10777e-5
 1.50000e+3 2.10777e-5
 1.75000e+3 2.10777e-5
 2.00000e+3 2.10777e-5
 2.50000e+3 2.10777e-5
 3.00000e+3 2.10777e-5
 3.50000e+3 2.10777e-5
 4.00000e+3 2.10777e-5
 4.50000e+3 2.10777e-5
 5.00000e+3 2.10777e-5
 5.50000e+3 2.10777e-5
 6.00000e+3 2.10777e-5
 7.00000e+3 2.10777e-5
 8.00000e+3 2.10777e-5
 9.00000e+3 2.10777e-5
 1.00000e+4 2.10777e-5
 1.25000e+4 2.10777e-5
 1.50000e+4 2.10777e-5
 1.75000e+4 2.10777e-5
 2.00000e+4 2.10777e-5
 2.50000e+4 2.10777e-5
 3.00000e+4 2.10777e-5
 3.50000e+4 2.10777e-5
 4.00000e+4 2.10777e-5
 4.50000e+4 2.10777e-5
 5.00000e+4 2.10777e-5
 5.50000e+4 2.10777e-5
 6.00000e+4 2.10777e-5
 7.00000e+4 2.10777e-5
 8.00000e+4 2.10777e-5
 9.00000e+4 2.10777e-5
 1.00000e+5 2.10777e-5
                                                                       1
