 1.00000e-5 7.31717e-6
 1.12500e-5 7.56932e-6
 1.31250e-5 7.91857e-6
 1.36300e-5 8.00739e-6
 1.38010e-5 8.03553e-6
 1.41010e-5 8.08248e-6
 1.45510e-5 8.14643e-6
 1.50000e-5 8.20641e-6
 1.56250e-5 8.27447e-6
 1.67190e-5 8.38583e-6
 1.75000e-5 8.45985e-6
 1.83590e-5 8.51756e-6
 2.00000e-5 8.62361e-6
 2.25000e-5 8.71671e-6
 2.50000e-5 8.80895e-6
 2.62500e-5 8.82941e-6
 3.00000e-5 8.89189e-6
 3.50000e-5 8.91739e-6
 4.00000e-5 8.94440e-6
 5.00000e-5 9.00354e-6
 6.00000e-5 9.07065e-6
 7.00000e-5 9.10355e-6
 8.00000e-5 9.14047e-6
 1.00000e-4 9.19478e-6
 1.07980e-4 9.21049e-6
 1.08640e-4 9.21183e-6
 1.08670e-4 9.21189e-6
 1.09320e-4 9.21323e-6
 1.09930e-4 9.21449e-6
 1.10590e-4 9.21586e-6
 1.11180e-4 9.21709e-6
 1.11820e-4 9.21844e-6
 1.13610e-4 9.22223e-6
 1.14200e-4 9.22350e-6
 1.25000e-4 9.24790e-6
 1.31800e-4 9.25873e-6
 1.32100e-4 9.25923e-6
 1.40900e-4 9.27414e-6
 1.41050e-4 9.27440e-6
 1.50000e-4 9.29068e-6
 1.51550e-4 9.29246e-6
 1.54580e-4 9.29599e-6
 1.60260e-4 9.30279e-6
 1.62500e-4 9.30553e-6
 1.70190e-4 9.31526e-6
 1.75000e-4 9.32159e-6
 1.81250e-4 9.33012e-6
 1.85100e-4 9.33555e-6
 2.00000e-4 9.35796e-6
 2.25000e-4 9.38249e-6
 2.50000e-4 9.41052e-6
 2.62500e-4 9.42047e-6
 3.00000e-4 9.45392e-6
 3.50000e-4 9.48605e-6
 4.00000e-4 9.52474e-6
 4.50000e-4 9.55189e-6
 5.00000e-4 9.58346e-6
 5.50000e-4 9.60540e-6
 6.00000e-4 9.63028e-6
 7.00000e-4 9.67096e-6
 8.00000e-4 9.70683e-6
 9.00000e-4 9.73478e-6
 1.00000e-3 9.76765e-6
 1.25000e-3 9.83018e-6
 1.50000e-3 9.88239e-6
 1.75000e-3 9.92721e-6
 1.82850e-3 9.93871e-6
 1.87140e-3 9.94531e-6
 1.93570e-3 9.95565e-6
 2.00000e-3 9.96656e-6
 2.12500e-3 9.98105e-6
 2.23440e-3 9.99476e-6
 2.25000e-3 9.99680e-6
 2.42580e-3 1.00214e-5
 2.50000e-3 1.00328e-5
 2.62500e-3 1.00452e-5
 2.71290e-3 1.00545e-5
 3.00000e-3 1.00883e-5
 3.50000e-3 1.01360e-5
 4.00000e-3 1.01778e-5
 4.50000e-3 1.02100e-5
 5.00000e-3 1.02487e-5
 5.50000e-3 1.02762e-5
 6.00000e-3 1.03081e-5
 7.00000e-3 1.03586e-5
 8.00000e-3 1.04029e-5
 9.00000e-3 1.04368e-5
 1.00000e-2 1.04777e-5
 1.12500e-2 1.05123e-5
 1.25000e-2 1.05541e-5
 1.31250e-2 1.05682e-5
 1.50000e-2 1.06176e-5
 1.75000e-2 1.06711e-5
 2.00000e-2 1.07213e-5
 2.25000e-2 1.07576e-5
 2.50000e-2 1.08014e-5
 2.62500e-2 1.08161e-5
 3.00000e-2 1.08674e-5
 3.50000e-2 1.09235e-5
 4.00000e-2 1.09723e-5
 4.50000e-2 1.10093e-5
 5.00000e-2 1.10535e-5
 5.50000e-2 1.10845e-5
 6.00000e-2 1.11202e-5
 7.00000e-2 1.11765e-5
 8.00000e-2 1.12252e-5
 9.00000e-2 1.12624e-5
 1.00000e-1 1.13061e-5
 1.25000e-1 1.13867e-5
 1.50000e-1 1.14525e-5
 1.75000e-1 1.15082e-5
 2.00000e-1 1.15565e-5
 2.50000e-1 1.16377e-5
 3.00000e-1 1.17048e-5
 3.50000e-1 1.17554e-5
 4.00000e-1 1.18121e-5
 4.50000e-1 1.18532e-5
 5.00000e-1 1.18973e-5
 5.50000e-1 1.19317e-5
 6.00000e-1 1.19678e-5
 7.00000e-1 1.20221e-5
 8.00000e-1 1.20799e-5
 9.00000e-1 1.21223e-5
 1.00000e+0 1.21662e-5
 1.25000e+0 1.22396e-5
 1.50000e+0 1.23165e-5
 1.75000e+0 1.23510e-5
 2.00000e+0 1.23859e-5
 2.50000e+0 1.24571e-5
 3.00000e+0 1.25301e-5
 3.50000e+0 1.25442e-5
 4.00000e+0 1.25583e-5
 4.50000e+0 1.25725e-5
 5.00000e+0 1.25867e-5
 5.50000e+0 1.26009e-5
 6.00000e+0 1.26152e-5
 7.00000e+0 1.26438e-5
 8.00000e+0 1.26725e-5
 9.00000e+0 1.27014e-5
 1.00000e+1 1.27303e-5
 1.25000e+1 1.27321e-5
 1.50000e+1 1.27338e-5
 1.75000e+1 1.27356e-5
 2.00000e+1 1.27374e-5
 2.50000e+1 1.27409e-5
 3.00000e+1 1.27444e-5
 3.50000e+1 1.27480e-5
 4.00000e+1 1.27515e-5
 4.50000e+1 1.27551e-5
 5.00000e+1 1.27586e-5
 5.50000e+1 1.27621e-5
 6.00000e+1 1.27657e-5
 7.00000e+1 1.27727e-5
 8.00000e+1 1.27798e-5
 9.00000e+1 1.27869e-5
 1.00000e+2 1.27940e-5
 1.25000e+2 1.27940e-5
 1.50000e+2 1.27941e-5
 1.75000e+2 1.27941e-5
 2.00000e+2 1.27942e-5
 2.50000e+2 1.27942e-5
 3.00000e+2 1.27943e-5
 3.50000e+2 1.27944e-5
 4.00000e+2 1.27945e-5
 4.50000e+2 1.27946e-5
 5.00000e+2 1.27947e-5
 5.50000e+2 1.27947e-5
 6.00000e+2 1.27948e-5
 7.00000e+2 1.27950e-5
 8.00000e+2 1.27952e-5
 9.00000e+2 1.27953e-5
 1.00000e+3 1.27955e-5
 1.25000e+3 1.27955e-5
 1.50000e+3 1.27955e-5
 1.75000e+3 1.27955e-5
 2.00000e+3 1.27955e-5
 2.50000e+3 1.27955e-5
 3.00000e+3 1.27955e-5
 3.50000e+3 1.27955e-5
 4.00000e+3 1.27955e-5
 4.50000e+3 1.27955e-5
 5.00000e+3 1.27955e-5
 5.50000e+3 1.27955e-5
 6.00000e+3 1.27955e-5
 7.00000e+3 1.27955e-5
 8.00000e+3 1.27955e-5
 9.00000e+3 1.27955e-5
 1.00000e+4 1.27955e-5
 1.25000e+4 1.27955e-5
 1.50000e+4 1.27955e-5
 1.75000e+4 1.27955e-5
 2.00000e+4 1.27955e-5
 2.50000e+4 1.27955e-5
 3.00000e+4 1.27955e-5
 3.50000e+4 1.27955e-5
 4.00000e+4 1.27955e-5
 4.50000e+4 1.27955e-5
 5.00000e+4 1.27955e-5
 5.50000e+4 1.27955e-5
 6.00000e+4 1.27955e-5
 7.00000e+4 1.27955e-5
 8.00000e+4 1.27955e-5
 9.00000e+4 1.27955e-5
 1.00000e+5 1.27955e-5
