9.699407675873832 0.032393351980980256
13.161126943338608 0.09175221546355683
16.972649072335084 0.16578795960239212
22.262296152481113 0.3577815330392653
26.826957952797258 0.6086346086346079
32.32755813110248 1.006907831650099
37.657096699581906 1.4198796466837713
41.68976576906489 1.7738182686636295
44.615373810823634 2.08348742369361
49.39319934064801 2.452168060415483
52.85940114182051 2.835547289155537
56.56884604299134 3.233668532637605
62.62675957662938 3.7645113315216414
74.1989301873854 4.133278813691184
86.43140560572274 4.295636378110606
107.74585929812041 4.354886684783592
134.31657294627786 4.266716844036432
159.13558495478688 4.1195138102354605
195.04397884884565 3.86916009596422
231.0841989575965 3.618762958969145
264.6551883316158 3.3978064287342638
308.2863845958485 3.162129595119286
359.1106432725311 2.882226717278264
411.28080308346557 2.6612701870433835
463.11071632738475 2.499260004414644
530.3895913303181 2.293045488921777
607.4424725526637 2.116315002912942
719.6856730011514 1.8954018954018954
838.3334389687113 1.6744670765289325
960.1231723146423 1.5272206200041252
1081.1186098635383 1.4094364816014302
1259.3524036131798 1.262211736438541
1651.8385580288427 1.0414288970990002
2130.218505624688 0.8501083758815717
2841.8964362799757 0.6735732921299933
3727.593720314938 0.5559845559845566
4807.121789154052 0.46785813796123144
7221.303717861586 0.3357010779691194
10309.907918267914 0.24770492811729916
14719.530632709553 0.17445079300749455
22111.817828911022 0.13074582146747105
32658.11872065898 0.10176115330754598
48234.510912899685 0.07277648514761914
72458.33749634508 0.058555543091626916
95040.49492717962 0.044160910140291776
