10.329993075621337 39939130.097671844
12.490272295340853 116842022.96452834
18.212748651530813 275777887.52900493
29.712562165086656 548185746.203692
50.29710888380698 806788885.7111446
110.68438299025952 957970159.9703594
234.3523221281102 679466160.1225373
460.26237356884366 461674262.7516654
838.5577725520452 313692038.53927743
1986.2729014725167 179506117.6332804
4363.370934757068 90304825.07482904
10727.990855404894 45429991.68672089
20287.86012769324 27137287.3660996
29513.022027331586 20092330.02565042
49880.69572355637 13652058.330443477
75338.0352608756 10107924.85646016
122660.51209426764 7483863.783090517
192366.26579461573 5784126.230174983
290619.4782581788 4871309.098187229
510197.0160536982 4102547.4524202766
930103.9066847807 3764935.8067924557
