14.341862678081869 5150.182151604164
14.920532355936384 11637.75264996907
17.347178578288204 29023.367309520512
20.91748712217043 62405.15586227924
28.151732096586613 99736.11662673687
40.75748889425241 121451.24895024463
65.89700114687668 130682.57683225119
102.62193753154504 118291.95707915908
153.9815904609047 99433.51148953625
258.0404275552197 75701.77487282633
346.5403833222337 62092.64146159576
501.03827226058706 49680.65115885662
751.4376203136053 36007.04870675767
1086.364479728407 28106.393228330748
1690.3297147565254 19387.310764897687
2630.278416936901 13707.541762156947
4092.583887999282 9455.228559809508
5915.771090290565 7024.74427394268
9550.266524956833 4726.990526316383
13305.187529718884 3599.9913748594354
17865.626319763287 2810.4536636410567
24891.907621414455 2193.929712871186
34676.02140914315 1630.083630135067
46568.833671006585 1337.0386436570268
60267.662091972845 1069.9837192950586
80937.62253132918 877.6295610445607
121415.95362156356 685.0151022498194
196088.45209241024 521.5574101098068
263403.4118102356 460.7070414905282
328654.6813218255 417.1905952756053
458091.1368730963 368.492413397049
768150.383706463 341.8521010366472
1288277.6347484752 333.2015862646796
2413988.3794570076 332.827615344215
