15.628623851883665 5977.635568638502
16.4779787103855 20986.460942384583
19.98741828836394 48973.10905226087
24.184222385928322 94658.59664230558
31.418918188248355 161345.48971406356
42.277822143829624 250273.44685492714
58.8515084707923 321533.2246727301
73.26936135199117 342226.1545979152
109.41880274659768 364121.7600612574
157.43505828677735 363863.77644077304
202.84739002255506 330990.33585971006
271.15517934293257 310668.3689486679
324.71655050266895 273904.44273026503
418.2084883344495 241456.86282313397
558.345030210919 206259.15578600418
718.5085840108552 170758.24604272362
1191.3222197092277 128595.75294032956
1478.894368930655 109865.63493996533
1973.6376008508166 90949.33716355616
2829.1820579304313 68512.15102030529
4055.593141043178 51610.21491545299
6034.036405841834 41394.722814759865
8344.109946514534 32179.54049967242
9984.065601531445 26644.639579621762
13812.079646055114 21373.74990332676
21276.262719943745 15118.726064786946
31629.314393457265 11388.131719583844
45340.18238608457 8578.68154451926
69871.34275327131 6261.682387140219
103956.73610145388 5022.273346358889
149143.80982126118 4028.4728275479856
230218.0040496659 3333.918528405307
355363.9232639251 2759.113249575917
590429.9755810068 2431.053611549421
1221316.620418152 2279.853219073666
