10.731843609240393 55199543.21281551
15.963720555399945 129689025.16716072
23.7188579111585 243835409.82688165
36.48019750621169 366873319.3018202
50.37041672549309 475794431.40093946
69.52279098023476 572881128.3775582
102.9603082511296 572881128.3775582
163.63899554601687 493796931.7714324
279.2725006036572 410112707.05512875
384.7951953982739 353498110.5030095
611.3359046802625 282886943.4625955
904.1470294295469 218127126.09873527
1201.858381968436 181160919.42004058
1842.1132615037768 139688704.7200289
2537.1788810998364 111785917.77554001
3373.25116355246 96354270.5083415
4645.153643772089 74296395.07594919
5959.280095830788 64040042.711972564
7919.990874123545 51248058.76960905
10908.359439270283 41011270.705512874
14497.406703726285 32819278.725114573
19967.563823617922 26263635.276533246
25606.610058502887 21017480.113324784
37871.38991985935 16206059.13741309
52161.01132898102 12968902.516716126
69322.92610303812 10378367.193526918
88934.56823854672 8945670.61665081
122514.8446988704 7429639.50759492
151662.61955935476 6404004.271197257
216521.2580507405 5318711.718664545
287981.66692648095 4937969.317714324
411216.1703744766 4256300.264549482
630884.6888499759 3951611.0714498255
