 1.00000e-5 1.00000e-6 5.00000e-1
 1.00000e-5 2.00000e+0 5.00000e-1
 1.00000e-3 1.00000e-6 1.09589e+2
 1.00000e-3 1.89990e-3 7.51716e+1
 1.00000e-3 3.99990e-3 5.18377e+1
 1.00000e-3 6.39990e-3 3.56372e+1
 1.00000e-3 9.09990e-3 2.46865e+1
 1.00000e-3 1.20000e-2 1.75685e+1
 1.00000e-3 1.50000e-2 1.29814e+1
 1.00000e-3 1.90000e-2 9.23779e+0
 1.00000e-3 2.40000e-2 6.53151e+0
 1.00000e-3 3.00000e-2 4.68356e+0
 1.00000e-3 3.70000e-2 3.43726e+0
 1.00000e-3 4.60000e-2 2.50326e+0
 1.00000e-3 5.80000e-2 1.78992e+0
 1.00000e-3 7.30000e-2 1.28101e+0
 1.00000e-3 9.20000e-2 9.10917e-1
 1.00000e-3 1.15000e-1 6.52629e-1
 1.00000e-3 1.42500e-1 4.72685e-1
 1.00000e-3 1.77500e-1 3.40095e-1
 1.00000e-3 2.22500e-1 2.43629e-1
 1.00000e-3 2.80000e-1 1.74971e-1
 1.00000e-3 3.52500e-1 1.26909e-1
 1.00000e-3 4.45000e-1 9.29941e-2
 1.00000e-3 5.65000e-1 6.91832e-2
 1.00000e-3 7.30000e-1 5.22663e-2
 1.00000e-3 9.80000e-1 3.95097e-2
 1.00000e-3 1.33500e+0 3.03686e-2
 1.00000e-3 1.97000e+0 2.36356e-2
 1.00000e-3 2.00000e+0 2.35256e-2
 2.00000e-3 1.00000e-6 2.03143e+2
 2.00000e-3 9.99900e-4 1.39966e+2
 2.00000e-3 2.09990e-3 9.71661e+1
 2.00000e-3 3.39990e-3 6.65116e+1
 2.00000e-3 4.79990e-3 4.66638e+1
 2.00000e-3 6.49990e-3 3.23022e+1
 2.00000e-3 8.39990e-3 2.28777e+1
 2.00000e-3 9.99990e-3 1.78735e+1
 2.00000e-3 1.20000e-2 1.37271e+1
 2.00000e-3 1.50000e-2 9.91697e+0
 2.00000e-3 1.80000e-2 7.61778e+0
 2.00000e-3 2.20000e-2 5.71810e+0
 2.00000e-3 2.70000e-2 4.27894e+0
 2.00000e-3 3.40000e-2 3.08785e+0
 2.00000e-3 4.30000e-2 2.20593e+0
 2.00000e-3 5.40000e-2 1.58144e+0
 2.00000e-3 6.80000e-2 1.12126e+0
 2.00000e-3 8.50000e-2 7.99725e-1
 2.00000e-3 1.05000e-1 5.79642e-1
 2.00000e-3 1.30000e-1 4.19185e-1
 2.00000e-3 1.62500e-1 2.99899e-1
 2.00000e-3 2.02500e-1 2.16480e-1
 2.00000e-3 2.55000e-1 1.54216e-1
 2.00000e-3 3.22500e-1 1.08909e-1
 2.00000e-3 4.05000e-1 7.72420e-2
 2.00000e-3 5.05000e-1 5.51366e-2
 2.00000e-3 6.30000e-1 3.95078e-2
 2.00000e-3 7.90000e-1 2.84669e-2
 2.00000e-3 1.01000e+0 1.99695e-2
 2.00000e-3 1.27500e+0 1.39468e-2
 2.00000e-3 1.56500e+0 1.03725e-2
 2.00000e-3 1.98000e+0 7.40070e-3
 2.00000e-3 2.00000e+0 7.34101e-3
 4.00000e-3 1.00000e-6 3.87546e+2
 4.00000e-3 5.29900e-4 2.63936e+2
 4.00000e-3 1.09990e-3 1.83387e+2
 4.00000e-3 1.69990e-3 1.31008e+2
 4.00000e-3 2.39990e-3 9.31004e+1
 4.00000e-3 3.19990e-3 6.65904e+1
 4.00000e-3 4.19990e-3 4.68095e+1
 4.00000e-3 5.39990e-3 3.30604e+1
 4.00000e-3 6.79990e-3 2.37906e+1
 4.00000e-3 8.59990e-3 1.69704e+1
 4.00000e-3 9.99990e-3 1.36724e+1
 4.00000e-3 1.20000e-2 1.05482e+1
 4.00000e-3 1.50000e-2 7.69567e+0
 4.00000e-3 1.90000e-2 5.51353e+0
 4.00000e-3 2.40000e-2 3.95677e+0
 4.00000e-3 3.00000e-2 2.86996e+0
 4.00000e-3 3.80000e-2 2.03041e+0
 4.00000e-3 4.80000e-2 1.43295e+0
 4.00000e-3 6.00000e-2 1.02093e+0
 4.00000e-3 7.50000e-2 7.23008e-1
 4.00000e-3 9.30000e-2 5.15394e-1
 4.00000e-3 1.15000e-1 3.66806e-1
 4.00000e-3 1.42500e-1 2.58514e-1
 4.00000e-3 1.75000e-1 1.83714e-1
 4.00000e-3 2.15000e-1 1.29702e-1
 4.00000e-3 2.62500e-1 9.21239e-2
 4.00000e-3 3.22500e-1 6.45750e-2
 4.00000e-3 3.95000e-1 4.55085e-2
 4.00000e-3 4.85000e-1 3.19850e-2
 4.00000e-3 5.95000e-1 2.25097e-2
 4.00000e-3 7.30000e-1 1.57593e-2
 4.00000e-3 8.90000e-1 1.10758e-2
 4.00000e-3 1.08000e+0 7.85771e-3
 4.00000e-3 1.32000e+0 5.56849e-3
 4.00000e-3 1.63000e+0 3.85391e-3
 4.00000e-3 1.98000e+0 2.76652e-3
 4.00000e-3 2.00000e+0 2.71238e-3
 8.00000e-3 1.00000e-6 7.44496e+2
 8.00000e-3 2.79900e-4 5.07502e+2
 8.00000e-3 5.89900e-4 3.48157e+2
 8.00000e-3 9.39900e-4 2.39862e+2
 8.00000e-3 1.29990e-3 1.71830e+2
 8.00000e-3 1.69990e-3 1.24666e+2
 8.00000e-3 2.19990e-3 8.87094e+1
 8.00000e-3 2.79990e-3 6.33058e+1
 8.00000e-3 3.49990e-3 4.59930e+1
 8.00000e-3 4.39990e-3 3.31644e+1
 8.00000e-3 5.49990e-3 2.42315e+1
 8.00000e-3 6.99990e-3 1.73636e+1
 8.00000e-3 8.89990e-3 1.24889e+1
 8.00000e-3 1.10000e-2 9.31609e+0
 8.00000e-3 1.40000e-2 6.62594e+0
 8.00000e-3 1.70000e-2 4.99856e+0
 8.00000e-3 2.10000e-2 3.64704e+0
 8.00000e-3 2.60000e-2 2.62836e+0
 8.00000e-3 3.20000e-2 1.89628e+0
 8.00000e-3 3.90000e-2 1.38024e+0
 8.00000e-3 4.80000e-2 9.82875e-1
 8.00000e-3 5.90000e-2 6.97448e-1
 8.00000e-3 7.20000e-2 4.98335e-1
 8.00000e-3 8.80000e-2 3.53320e-1
 8.00000e-3 1.07500e-1 2.49346e-1
 8.00000e-3 1.30000e-1 1.78094e-1
 8.00000e-3 1.57500e-1 1.26036e-1
 8.00000e-3 1.90000e-1 8.93728e-2
 8.00000e-3 2.30000e-1 6.26622e-2
 8.00000e-3 2.77500e-1 4.40799e-2
 8.00000e-3 3.35000e-1 3.09865e-2
 8.00000e-3 4.05000e-1 2.18076e-2
 8.00000e-3 4.90000e-1 1.54098e-2
 8.00000e-3 5.95000e-1 1.08416e-2
 8.00000e-3 7.25000e-1 7.53242e-3
 8.00000e-3 8.80000e-1 5.20727e-3
 8.00000e-3 1.05500e+0 3.67678e-3
 8.00000e-3 1.27000e+0 2.61010e-3
 8.00000e-3 1.56500e+0 1.75888e-3
 8.00000e-3 1.84000e+0 1.28823e-3
 8.00000e-3 2.00000e+0 1.09299e-3
 1.60000e-2 1.00000e-6 1.42318e+3
 1.60000e-2 1.49900e-4 9.78542e+2
 1.60000e-2 3.19900e-4 6.66245e+2
 1.60000e-2 5.09900e-4 4.54794e+2
 1.60000e-2 7.19900e-4 3.13945e+2
 1.60000e-2 9.59900e-4 2.17678e+2
 1.60000e-2 1.19990e-3 1.59086e+2
 1.60000e-2 1.49990e-3 1.14378e+2
 1.60000e-2 1.79990e-3 8.69941e+1
 1.60000e-2 2.19990e-3 6.46268e+1
 1.60000e-2 2.69990e-3 4.82272e+1
 1.60000e-2 3.39990e-3 3.52223e+1
 1.60000e-2 4.29990e-3 2.58839e+1
 1.60000e-2 5.49990e-3 1.87948e+1
 1.60000e-2 7.09990e-3 1.33700e+1
 1.60000e-2 9.09990e-3 9.44639e+0
 1.60000e-2 1.10000e-2 7.14802e+0
 1.60000e-2 1.40000e-2 4.92741e+0
 1.60000e-2 1.70000e-2 3.60269e+0
 1.60000e-2 2.10000e-2 2.53023e+0
 1.60000e-2 2.60000e-2 1.74969e+0
 1.60000e-2 3.10000e-2 1.28159e+0
 1.60000e-2 3.70000e-2 9.31646e-1
 1.60000e-2 4.50000e-2 6.51186e-1
 1.60000e-2 5.40000e-2 4.64735e-1
 1.60000e-2 6.50000e-2 3.29017e-1
 1.60000e-2 7.80000e-2 2.34049e-1
 1.60000e-2 9.40000e-2 1.65229e-1
 1.60000e-2 1.12500e-1 1.18333e-1
 1.60000e-2 1.35000e-1 8.45150e-2
 1.60000e-2 1.62500e-1 6.01648e-2
 1.60000e-2 1.97500e-1 4.21504e-2
 1.60000e-2 2.40000e-1 2.95191e-2
 1.60000e-2 2.90000e-1 2.08000e-2
 1.60000e-2 3.52500e-1 1.43732e-2
 1.60000e-2 4.25000e-1 9.97998e-3
 1.60000e-2 5.10000e-1 6.93666e-3
 1.60000e-2 6.10000e-1 4.85190e-3
 1.60000e-2 7.25000e-1 3.47107e-3
 1.60000e-2 8.75000e-1 2.44379e-3
 1.60000e-2 1.07000e+0 1.66465e-3
 1.60000e-2 1.28500e+0 1.13569e-3
 1.60000e-2 1.50500e+0 8.22355e-4
 1.60000e-2 1.92000e+0 5.01132e-4
 1.60000e-2 2.00000e+0 4.67891e-4
 3.20000e-2 1.00000e-6 3.02654e+3
 3.20000e-2 6.89000e-5 2.05414e+3
 3.20000e-2 1.39900e-4 1.43288e+3
 3.20000e-2 2.19900e-4 1.00188e+3
 3.20000e-2 3.09900e-4 7.06075e+2
 3.20000e-2 4.19900e-4 4.90869e+2
 3.20000e-2 5.49900e-4 3.44152e+2
 3.20000e-2 6.99900e-4 2.47105e+2
 3.20000e-2 8.89900e-4 1.77451e+2
 3.20000e-2 1.09990e-3 1.33233e+2
 3.20000e-2 1.39990e-3 9.69426e+1
 3.20000e-2 1.79990e-3 6.99618e+1
 3.20000e-2 2.29990e-3 5.07559e+1
 3.20000e-2 2.89990e-3 3.71147e+1
 3.20000e-2 3.69990e-3 2.63131e+1
 3.20000e-2 4.69990e-3 1.84509e+1
 3.20000e-2 5.89990e-3 1.29588e+1
 3.20000e-2 7.29990e-3 9.18660e+0
 3.20000e-2 8.99990e-3 6.47805e+0
 3.20000e-2 1.10000e-2 4.59364e+0
 3.20000e-2 1.30000e-2 3.43101e+0
 3.20000e-2 1.60000e-2 2.37308e+0
 3.20000e-2 1.90000e-2 1.74190e+0
 3.20000e-2 2.30000e-2 1.23091e+0
 3.20000e-2 2.80000e-2 8.58378e-1
 3.20000e-2 3.40000e-2 6.00061e-1
 3.20000e-2 4.10000e-2 4.24215e-1
 3.20000e-2 4.90000e-2 3.04572e-1
 3.20000e-2 5.90000e-2 2.15430e-1
 3.20000e-2 7.10000e-2 1.52372e-1
 3.20000e-2 8.60000e-2 1.06313e-1
 3.20000e-2 1.02500e-1 7.63354e-2
 3.20000e-2 1.22500e-1 5.44158e-2
 3.20000e-2 1.47500e-1 3.81398e-2
 3.20000e-2 1.77500e-1 2.66774e-2
 3.20000e-2 2.12500e-1 1.87908e-2
 3.20000e-2 2.55000e-1 1.31438e-2
 3.20000e-2 3.05000e-1 9.24328e-3
 3.20000e-2 3.65000e-1 6.49785e-3
 3.20000e-2 4.35000e-1 4.61391e-3
 3.20000e-2 5.20000e-1 3.26137e-3
 3.20000e-2 6.25000e-1 2.27565e-3
 3.20000e-2 7.50000e-1 1.57925e-3
 3.20000e-2 8.95000e-1 1.09635e-3
 3.20000e-2 1.06000e+0 7.70861e-4
 3.20000e-2 1.26000e+0 5.42450e-4
 3.20000e-2 1.52000e+0 3.67954e-4
 3.20000e-2 1.78500e+0 2.59482e-4
 3.20000e-2 2.00000e+0 2.03106e-4
 6.40000e-2 1.00000e-6 6.08691e+3
 6.40000e-2 3.59000e-5 4.11298e+3
 6.40000e-2 7.39000e-5 2.81298e+3
 6.40000e-2 1.09900e-4 2.04200e+3
 6.40000e-2 1.49900e-4 1.48857e+3
 6.40000e-2 1.99900e-4 1.05561e+3
 6.40000e-2 2.59900e-4 7.45138e+2
 6.40000e-2 3.29900e-4 5.33406e+2
 6.40000e-2 4.09900e-4 3.91898e+2
 6.40000e-2 5.19900e-4 2.81330e+2
 6.40000e-2 6.59900e-4 2.04182e+2
 6.40000e-2 8.39900e-4 1.49205e+2
 6.40000e-2 9.99900e-4 1.19219e+2
 6.40000e-2 1.29990e-3 8.46615e+1
 6.40000e-2 1.59990e-3 6.39389e+1
 6.40000e-2 1.99990e-3 4.66441e+1
 6.40000e-2 2.49990e-3 3.34917e+1
 6.40000e-2 3.09990e-3 2.39719e+1
 6.40000e-2 3.79990e-3 1.72451e+1
 6.40000e-2 4.69990e-3 1.20813e+1
 6.40000e-2 5.79990e-3 8.40655e+0
 6.40000e-2 7.09990e-3 5.88132e+0
 6.40000e-2 8.59990e-3 4.16519e+0
 6.40000e-2 9.99990e-3 3.16306e+0
 6.40000e-2 1.20000e-2 2.25957e+0
 6.40000e-2 1.40000e-2 1.69584e+0
 6.40000e-2 1.70000e-2 1.17816e+0
 6.40000e-2 2.00000e-2 8.66941e-1
 6.40000e-2 2.40000e-2 6.13584e-1
 6.40000e-2 2.90000e-2 4.28066e-1
 6.40000e-2 3.50000e-2 2.99054e-1
 6.40000e-2 4.20000e-2 2.11104e-1
 6.40000e-2 5.00000e-2 1.51254e-1
 6.40000e-2 6.00000e-2 1.06703e-1
 6.40000e-2 7.20000e-2 7.52489e-2
 6.40000e-2 8.60000e-2 5.35142e-2
 6.40000e-2 1.02500e-1 3.81864e-2
 6.40000e-2 1.22500e-1 2.70740e-2
 6.40000e-2 1.47500e-1 1.88868e-2
 6.40000e-2 1.77500e-1 1.31586e-2
 6.40000e-2 2.12500e-1 9.23546e-3
 6.40000e-2 2.55000e-1 6.43327e-3
 6.40000e-2 3.05000e-1 4.49857e-3
 6.40000e-2 3.65000e-1 3.13603e-3
 6.40000e-2 4.35000e-1 2.20185e-3
 6.40000e-2 5.20000e-1 1.53524e-3
 6.40000e-2 6.20000e-1 1.07417e-3
 6.40000e-2 7.40000e-1 7.46770e-4
 6.40000e-2 8.80000e-1 5.19493e-4
 6.40000e-2 1.04500e+0 3.60135e-4
 6.40000e-2 1.24000e+0 2.49423e-4
 6.40000e-2 1.47500e+0 1.70993e-4
 6.40000e-2 1.74500e+0 1.16740e-4
 6.40000e-2 2.00000e+0 8.54183e-5
 1.28000e-1 1.00000e-6 8.72458e+3
 1.28000e-1 2.89000e-5 5.94336e+3
 1.28000e-1 5.99000e-5 4.04338e+3
 1.28000e-1 9.49000e-5 2.73771e+3
 1.28000e-1 1.29900e-4 1.93165e+3
 1.28000e-1 1.69900e-4 1.35466e+3
 1.28000e-1 2.09900e-4 9.89417e+2
 1.28000e-1 2.59900e-4 7.01771e+2
 1.28000e-1 3.19900e-4 4.93928e+2
 1.28000e-1 3.89900e-4 3.51129e+2
 1.28000e-1 4.69900e-4 2.55144e+2
 1.28000e-1 5.69900e-4 1.85160e+2
 1.28000e-1 6.99900e-4 1.33549e+2
 1.28000e-1 8.69900e-4 9.59981e+1
 1.28000e-1 9.99900e-4 7.81627e+1
 1.28000e-1 1.19990e-3 5.99043e+1
 1.28000e-1 1.49990e-3 4.32001e+1
 1.28000e-1 1.89990e-3 3.03087e+1
 1.28000e-1 2.39990e-3 2.10881e+1
 1.28000e-1 2.99990e-3 1.47176e+1
 1.28000e-1 3.69990e-3 1.03733e+1
 1.28000e-1 4.49990e-3 7.41170e+0
 1.28000e-1 5.49990e-3 5.20497e+0
 1.28000e-1 6.69990e-3 3.64831e+0
 1.28000e-1 8.09990e-3 2.57605e+0
 1.28000e-1 9.79990e-3 1.80653e+0
 1.28000e-1 1.10000e-2 1.45342e+0
 1.28000e-1 1.30000e-2 1.05824e+0
 1.28000e-1 1.50000e-2 8.04503e-1
 1.28000e-1 1.80000e-2 5.65788e-1
 1.28000e-1 2.10000e-2 4.19269e-1
 1.28000e-1 2.50000e-2 2.98131e-1
 1.28000e-1 3.00000e-2 2.08313e-1
 1.28000e-1 3.60000e-2 1.45320e-1
 1.28000e-1 4.30000e-2 1.02186e-1
 1.28000e-1 5.10000e-2 7.28102e-2
 1.28000e-1 6.10000e-2 5.09968e-2
 1.28000e-1 7.30000e-2 3.56812e-2
 1.28000e-1 8.70000e-2 2.51841e-2
 1.28000e-1 1.02500e-1 1.82012e-2
 1.28000e-1 1.22500e-1 1.28042e-2
 1.28000e-1 1.45000e-1 9.19362e-3
 1.28000e-1 1.72500e-1 6.54465e-3
 1.28000e-1 2.07500e-1 4.56201e-3
 1.28000e-1 2.47500e-1 3.22977e-3
 1.28000e-1 2.97500e-1 2.24406e-3
 1.28000e-1 3.57500e-1 1.54923e-3
 1.28000e-1 4.25000e-1 1.08329e-3
 1.28000e-1 5.05000e-1 7.51290e-4
 1.28000e-1 5.95000e-1 5.27371e-4
 1.28000e-1 7.00000e-1 3.71337e-4
 1.28000e-1 8.25000e-1 2.61704e-4
 1.28000e-1 9.80000e-1 1.81489e-4
 1.28000e-1 1.17000e+0 1.22031e-4
 1.28000e-1 1.37500e+0 8.25972e-5
 1.28000e-1 1.59000e+0 5.82141e-5
 1.28000e-1 1.92000e+0 3.58471e-5
 1.28000e-1 2.00000e+0 3.22487e-5
 2.56000e-1 1.00000e-6 1.63348e+4
 2.56000e-1 1.69000e-5 1.10563e+4
 2.56000e-1 3.39000e-5 7.57162e+3
 2.56000e-1 5.29000e-5 5.16470e+3
 2.56000e-1 7.39000e-5 3.53220e+3
 2.56000e-1 9.79000e-5 2.39945e+3
 2.56000e-1 1.19900e-4 1.74967e+3
 2.56000e-1 1.49900e-4 1.19741e+3
 2.56000e-1 1.79900e-4 8.62288e+2
 2.56000e-1 2.09900e-4 6.48377e+2
 2.56000e-1 2.49900e-4 4.68831e+2
 2.56000e-1 2.99900e-4 3.35869e+2
 2.56000e-1 3.59900e-4 2.43557e+2
 2.56000e-1 4.29900e-4 1.80743e+2
 2.56000e-1 5.29900e-4 1.29560e+2
 2.56000e-1 6.59900e-4 9.27419e+1
 2.56000e-1 8.29900e-4 6.58374e+1
 2.56000e-1 9.99900e-4 4.97598e+1
 2.56000e-1 1.19990e-3 3.76457e+1
 2.56000e-1 1.49990e-3 2.64976e+1
 2.56000e-1 1.79990e-3 1.97099e+1
 2.56000e-1 2.19990e-3 1.40957e+1
 2.56000e-1 2.69990e-3 9.91355e+0
 2.56000e-1 3.29990e-3 6.96032e+0
 2.56000e-1 3.99990e-3 4.92285e+0
 2.56000e-1 4.79990e-3 3.52488e+0
 2.56000e-1 5.79990e-3 2.47915e+0
 2.56000e-1 6.99990e-3 1.73955e+0
 2.56000e-1 8.39990e-3 1.22922e+0
 2.56000e-1 9.99990e-3 8.79234e-1
 2.56000e-1 1.20000e-2 6.17649e-1
 2.56000e-1 1.40000e-2 4.57344e-1
 2.56000e-1 1.70000e-2 3.12556e-1
 2.56000e-1 2.00000e-2 2.26899e-1
 2.56000e-1 2.40000e-2 1.58164e-1
 2.56000e-1 2.80000e-2 1.16441e-1
 2.56000e-1 3.30000e-2 8.39292e-2
 2.56000e-1 3.90000e-2 6.01115e-2
 2.56000e-1 4.60000e-2 4.31930e-2
 2.56000e-1 5.50000e-2 3.01855e-2
 2.56000e-1 6.50000e-2 2.15878e-2
 2.56000e-1 7.70000e-2 1.53666e-2
 2.56000e-1 9.20000e-2 1.07560e-2
 2.56000e-1 1.10000e-1 7.52359e-3
 2.56000e-1 1.30000e-1 5.39127e-3
 2.56000e-1 1.55000e-1 3.79927e-3
 2.56000e-1 1.85000e-1 2.67332e-3
 2.56000e-1 2.20000e-1 1.89393e-3
 2.56000e-1 2.62500e-1 1.32990e-3
 2.56000e-1 3.15000e-1 9.18622e-4
 2.56000e-1 3.75000e-1 6.39923e-4
 2.56000e-1 4.45000e-1 4.44477e-4
 2.56000e-1 5.25000e-1 3.09689e-4
 2.56000e-1 6.20000e-1 2.13881e-4
 2.56000e-1 7.30000e-1 1.48410e-4
 2.56000e-1 8.60000e-1 1.02838e-4
 2.56000e-1 1.01500e+0 7.03123e-5
 2.56000e-1 1.19500e+0 4.69304e-5
 2.56000e-1 1.38500e+0 3.15415e-5
 2.56000e-1 1.59000e+0 2.15787e-5
 2.56000e-1 1.87500e+0 1.29240e-5
 2.56000e-1 2.00000e+0 1.05987e-5
 1.00000e+1 1.00000e-6 6.36949e+5
 1.00000e+1 1.30000e-6 4.46810e+5
 1.00000e+1 1.60000e-6 3.30654e+5
 1.00000e+1 2.00000e-6 2.34944e+5
 1.00000e+1 2.50000e-6 1.64160e+5
 1.00000e+1 3.10000e-6 1.14587e+5
 1.00000e+1 3.80000e-6 8.06546e+4
 1.00000e+1 4.60000e-6 5.75313e+4
 1.00000e+1 5.60000e-6 4.03361e+4
 1.00000e+1 6.80000e-6 2.82366e+4
 1.00000e+1 8.20000e-6 1.99219e+4
 1.00000e+1 9.90000e-6 1.39664e+4
 1.00000e+1 1.19000e-5 9.83923e+3
 1.00000e+1 1.39000e-5 7.30393e+3
 1.00000e+1 1.69000e-5 5.00844e+3
 1.00000e+1 1.99000e-5 3.64682e+3
 1.00000e+1 2.39000e-5 2.55129e+3
 1.00000e+1 2.79000e-5 1.88440e+3
 1.00000e+1 3.29000e-5 1.36324e+3
 1.00000e+1 3.89000e-5 9.80176e+2
 1.00000e+1 4.59000e-5 7.07076e+2
 1.00000e+1 5.49000e-5 4.96231e+2
 1.00000e+1 6.59000e-5 3.45585e+2
 1.00000e+1 7.89000e-5 2.41781e+2
 1.00000e+1 9.39000e-5 1.71110e+2
 1.00000e+1 1.09900e-4 1.25146e+2
 1.00000e+1 1.29900e-4 8.97313e+1
 1.00000e+1 1.49900e-4 6.74722e+1
 1.00000e+1 1.79900e-4 4.69140e+1
 1.00000e+1 2.09900e-4 3.44999e+1
 1.00000e+1 2.49900e-4 2.43666e+1
 1.00000e+1 2.99900e-4 1.69369e+1
 1.00000e+1 3.49900e-4 1.24525e+1
 1.00000e+1 4.19900e-4 8.65457e+0
 1.00000e+1 4.99900e-4 6.11121e+0
 1.00000e+1 5.89900e-4 4.39201e+0
 1.00000e+1 6.99900e-4 3.12233e+0
 1.00000e+1 8.29900e-4 2.22242e+0
 1.00000e+1 9.89900e-4 1.56328e+0
 1.00000e+1 1.09990e-3 1.26684e+0
 1.00000e+1 1.29990e-3 9.07708e-1
 1.00000e+1 1.49990e-3 6.82246e-1
 1.00000e+1 1.79990e-3 4.74207e-1
 1.00000e+1 2.09990e-3 3.48678e-1
 1.00000e+1 2.49990e-3 2.46265e-1
 1.00000e+1 2.99990e-3 1.71204e-1
 1.00000e+1 3.49990e-3 1.25907e-1
 1.00000e+1 4.19990e-3 8.75451e-2
 1.00000e+1 4.99990e-3 6.18523e-2
 1.00000e+1 5.99990e-3 4.30165e-2
 1.00000e+1 7.19990e-3 2.99206e-2
 1.00000e+1 8.59990e-3 2.10078e-2
 1.00000e+1 9.99990e-3 1.55617e-2
 1.00000e+1 1.20000e-2 1.08287e-2
 1.00000e+1 1.40000e-2 7.97075e-3
 1.00000e+1 1.60000e-2 6.06602e-3
 1.00000e+1 1.90000e-2 4.30528e-3
 1.00000e+1 2.20000e-2 3.21315e-3
 1.00000e+1 2.60000e-2 2.30193e-3
 1.00000e+1 3.10000e-2 1.61998e-3
 1.00000e+1 3.70000e-2 1.13734e-3
 1.00000e+1 4.40000e-2 8.04087e-4
 1.00000e+1 5.20000e-2 5.75351e-4
 1.00000e+1 6.20000e-2 4.04217e-4
 1.00000e+1 7.40000e-2 2.83181e-4
 1.00000e+1 8.80000e-2 1.99662e-4
 1.00000e+1 1.05000e-1 1.39658e-4
 1.00000e+1 1.25000e-1 9.79899e-5
 1.00000e+1 1.47500e-1 6.98780e-5
 1.00000e+1 1.75000e-1 4.91715e-5
 1.00000e+1 2.07500e-1 3.45483e-5
 1.00000e+1 2.47500e-1 2.38893e-5
 1.00000e+1 2.92500e-1 1.67679e-5
 1.00000e+1 3.47500e-1 1.15740e-5
 1.00000e+1 4.10000e-1 8.05312e-6
 1.00000e+1 4.85000e-1 5.52216e-6
 1.00000e+1 5.70000e-1 3.80017e-6
 1.00000e+1 6.70000e-1 2.57674e-6
 1.00000e+1 7.80000e-1 1.75634e-6
 1.00000e+1 9.05000e-1 1.17943e-6
 1.00000e+1 1.04500e+0 7.77084e-7
 1.00000e+1 1.19500e+0 5.04494e-7
 1.00000e+1 1.35000e+0 3.21440e-7
 1.00000e+1 1.51000e+0 1.95132e-7
 1.00000e+1 1.66500e+0 1.10665e-7
 1.00000e+1 1.80000e+0 5.72020e-8
 1.00000e+1 1.91000e+0 2.34802e-8
 1.00000e+1 1.98000e+0 5.59264e-9
 1.00000e+1 1.99990e+0 9.42411e-10
 1.00000e+1 2.00000e+0 1.06450e-9
 2.12500e+1 1.00000e-6 8.74623e+5
 2.12500e+1 1.20000e-6 6.30919e+5
 2.12500e+1 1.40000e-6 4.76512e+5
 2.12500e+1 1.70000e-6 3.32902e+5
 2.12500e+1 2.00000e-6 2.45636e+5
 2.12500e+1 2.40000e-6 1.74040e+5
 2.12500e+1 2.90000e-6 1.21302e+5
 2.12500e+1 3.50000e-6 8.44948e+4
 2.12500e+1 4.20000e-6 5.93719e+4
 2.12500e+1 5.00000e-6 4.22918e+4
 2.12500e+1 6.00000e-6 2.96153e+4
 2.12500e+1 7.20000e-6 2.07104e+4
 2.12500e+1 8.60000e-6 1.45996e+4
 2.12500e+1 9.90000e-6 1.10600e+4
 2.12500e+1 1.09000e-5 9.14531e+3
 2.12500e+1 1.29000e-5 6.55324e+3
 2.12500e+1 1.49000e-5 4.92525e+3
 2.12500e+1 1.79000e-5 3.42267e+3
 2.12500e+1 2.09000e-5 2.51589e+3
 2.12500e+1 2.49000e-5 1.77611e+3
 2.12500e+1 2.99000e-5 1.23399e+3
 2.12500e+1 3.49000e-5 9.06926e+2
 2.12500e+1 4.19000e-5 6.30051e+2
 2.12500e+1 4.99000e-5 4.44714e+2
 2.12500e+1 5.89000e-5 3.19482e+2
 2.12500e+1 6.99000e-5 2.27030e+2
 2.12500e+1 8.29000e-5 1.61527e+2
 2.12500e+1 9.89000e-5 1.13568e+2
 2.12500e+1 1.09900e-4 9.20063e+1
 2.12500e+1 1.29900e-4 6.58925e+1
 2.12500e+1 1.49900e-4 4.95044e+1
 2.12500e+1 1.79900e-4 3.43889e+1
 2.12500e+1 2.09900e-4 2.52723e+1
 2.12500e+1 2.49900e-4 1.78380e+1
 2.12500e+1 2.99900e-4 1.23920e+1
 2.12500e+1 3.49900e-4 9.10733e+0
 2.12500e+1 4.19900e-4 6.32716e+0
 2.12500e+1 4.99900e-4 4.46634e+0
 2.12500e+1 5.89900e-4 3.20906e+0
 2.12500e+1 6.99900e-4 2.28084e+0
 2.12500e+1 8.29900e-4 1.62316e+0
 2.12500e+1 9.89900e-4 1.14157e+0
 2.12500e+1 1.09990e-3 9.25018e-1
 2.12500e+1 1.29990e-3 6.62711e-1
 2.12500e+1 1.49990e-3 4.98060e-1
 2.12500e+1 1.79990e-3 3.46154e-1
 2.12500e+1 2.09990e-3 2.54505e-1
 2.12500e+1 2.49990e-3 1.79742e-1
 2.12500e+1 2.99990e-3 1.24949e-1
 2.12500e+1 3.49990e-3 9.18867e-2
 2.12500e+1 4.19990e-3 6.38880e-2
 2.12500e+1 4.99990e-3 4.51367e-2
 2.12500e+1 5.99990e-3 3.13904e-2
 2.12500e+1 7.19990e-3 2.18335e-2
 2.12500e+1 8.59990e-3 1.53294e-2
 2.12500e+1 9.99990e-3 1.13552e-2
 2.12500e+1 1.20000e-2 7.90153e-3
 2.12500e+1 1.40000e-2 5.81608e-3
 2.12500e+1 1.60000e-2 4.42615e-3
 2.12500e+1 1.90000e-2 3.14137e-3
 2.12500e+1 2.20000e-2 2.34448e-3
 2.12500e+1 2.60000e-2 1.67959e-3
 2.12500e+1 3.10000e-2 1.18200e-3
 2.12500e+1 3.70000e-2 8.29841e-4
 2.12500e+1 4.40000e-2 5.86685e-4
 2.12500e+1 5.20000e-2 4.19790e-4
 2.12500e+1 6.20000e-2 2.94924e-4
 2.12500e+1 7.40000e-2 2.06612e-4
 2.12500e+1 8.80000e-2 1.45674e-4
 2.12500e+1 1.05000e-1 1.01894e-4
 2.12500e+1 1.25000e-1 7.14915e-5
 2.12500e+1 1.47500e-1 5.09807e-5
 2.12500e+1 1.75000e-1 3.58731e-5
 2.12500e+1 2.07500e-1 2.52040e-5
 2.12500e+1 2.47500e-1 1.74273e-5
 2.12500e+1 2.92500e-1 1.22317e-5
 2.12500e+1 3.47500e-1 8.44237e-6
 2.12500e+1 4.10000e-1 5.87374e-6
 2.12500e+1 4.85000e-1 4.02734e-6
 2.12500e+1 5.70000e-1 2.77116e-6
 2.12500e+1 6.70000e-1 1.87871e-6
 2.12500e+1 7.80000e-1 1.28029e-6
 2.12500e+1 9.05000e-1 8.59500e-7
 2.12500e+1 1.04500e+0 5.66064e-7
 2.12500e+1 1.19500e+0 3.67278e-7
 2.12500e+1 1.35000e+0 2.33800e-7
 2.12500e+1 1.51000e+0 1.41712e-7
 2.12500e+1 1.66000e+0 8.18099e-8
 2.12500e+1 1.79500e+0 4.24255e-8
 2.12500e+1 1.90000e+0 1.86117e-8
 2.12500e+1 1.97000e+0 5.31557e-9
 2.12500e+1 1.99990e+0 1.74204e-10
 2.12500e+1 2.00000e+0 2.63484e-10
 3.25000e+1 1.00000e-6 9.34103e+5
 3.25000e+1 1.20000e-6 6.60181e+5
 3.25000e+1 1.40000e-6 4.91206e+5
 3.25000e+1 1.70000e-6 3.37660e+5
 3.25000e+1 2.00000e-6 2.46288e+5
 3.25000e+1 2.40000e-6 1.72583e+5
 3.25000e+1 2.80000e-6 1.27620e+5
 3.25000e+1 3.30000e-6 9.24214e+4
 3.25000e+1 3.90000e-6 6.65108e+4
 3.25000e+1 4.60000e-6 4.80145e+4
 3.25000e+1 5.50000e-6 3.37188e+4
 3.25000e+1 6.60000e-6 2.34949e+4
 3.25000e+1 7.90000e-6 1.64444e+4
 3.25000e+1 9.40000e-6 1.16414e+4
 3.25000e+1 1.09000e-5 8.67223e+3
 3.25000e+1 1.29000e-5 6.20172e+3
 3.25000e+1 1.49000e-5 4.65417e+3
 3.25000e+1 1.79000e-5 3.22911e+3
 3.25000e+1 2.09000e-5 2.37090e+3
 3.25000e+1 2.49000e-5 1.67192e+3
 3.25000e+1 2.99000e-5 1.16048e+3
 3.25000e+1 3.49000e-5 8.52317e+2
 3.25000e+1 4.19000e-5 5.91708e+2
 3.25000e+1 4.99000e-5 4.17420e+2
 3.25000e+1 5.89000e-5 2.99743e+2
 3.25000e+1 6.99000e-5 2.12921e+2
 3.25000e+1 8.29000e-5 1.51440e+2
 3.25000e+1 9.89000e-5 1.06447e+2
 3.25000e+1 1.09900e-4 8.62240e+1
 3.25000e+1 1.29900e-4 6.17389e+1
 3.25000e+1 1.49900e-4 4.63771e+1
 3.25000e+1 1.79900e-4 3.22113e+1
 3.25000e+1 2.09900e-4 2.36693e+1
 3.25000e+1 2.49900e-4 1.67047e+1
 3.25000e+1 2.99900e-4 1.16036e+1
 3.25000e+1 3.49900e-4 8.52731e+0
 3.25000e+1 4.19900e-4 5.92379e+0
 3.25000e+1 4.99900e-4 4.18138e+0
 3.25000e+1 5.89900e-4 3.00418e+0
 3.25000e+1 6.99900e-4 2.13515e+0
 3.25000e+1 8.29900e-4 1.51943e+0
 3.25000e+1 9.89900e-4 1.06858e+0
 3.25000e+1 1.09990e-3 8.65864e-1
 3.25000e+1 1.29990e-3 6.20318e-1
 3.25000e+1 1.49990e-3 4.66193e-1
 3.25000e+1 1.79990e-3 3.24001e-1
 3.25000e+1 2.09990e-3 2.38215e-1
 3.25000e+1 2.49990e-3 1.68235e-1
 3.25000e+1 2.99990e-3 1.16949e-1
 3.25000e+1 3.49990e-3 8.60030e-2
 3.25000e+1 4.19990e-3 5.97967e-2
 3.25000e+1 4.99990e-3 4.22460e-2
 3.25000e+1 5.99990e-3 2.93799e-2
 3.25000e+1 7.19990e-3 2.04351e-2
 3.25000e+1 8.59990e-3 1.43475e-2
 3.25000e+1 9.99990e-3 1.06279e-2
 3.25000e+1 1.20000e-2 7.39537e-3
 3.25000e+1 1.40000e-2 5.44350e-3
 3.25000e+1 1.60000e-2 4.14259e-3
 3.25000e+1 1.90000e-2 2.94012e-3
 3.25000e+1 2.20000e-2 2.19428e-3
 3.25000e+1 2.60000e-2 1.57198e-3
 3.25000e+1 3.10000e-2 1.10627e-3
 3.25000e+1 3.70000e-2 7.76674e-4
 3.25000e+1 4.40000e-2 5.49096e-4
 3.25000e+1 5.20000e-2 3.92893e-4
 3.25000e+1 6.20000e-2 2.76027e-4
 3.25000e+1 7.40000e-2 1.93374e-4
 3.25000e+1 8.80000e-2 1.36340e-4
 3.25000e+1 1.05000e-1 9.53645e-5
 3.25000e+1 1.25000e-1 6.69103e-5
 3.25000e+1 1.47500e-1 4.77137e-5
 3.25000e+1 1.75000e-1 3.35741e-5
 3.25000e+1 2.07500e-1 2.35886e-5
 3.25000e+1 2.47500e-1 1.63102e-5
 3.25000e+1 2.92500e-1 1.14476e-5
 3.25000e+1 3.47500e-1 7.90109e-6
 3.25000e+1 4.10000e-1 5.49708e-6
 3.25000e+1 4.85000e-1 3.76902e-6
 3.25000e+1 5.70000e-1 2.59336e-6
 3.25000e+1 6.70000e-1 1.75812e-6
 3.25000e+1 7.80000e-1 1.19807e-6
 3.25000e+1 9.05000e-1 8.04263e-7
 3.25000e+1 1.04500e+0 5.29648e-7
 3.25000e+1 1.19500e+0 3.43615e-7
 3.25000e+1 1.35000e+0 2.18703e-7
 3.25000e+1 1.51000e+0 1.32526e-7
 3.25000e+1 1.66000e+0 7.64704e-8
 3.25000e+1 1.79500e+0 3.96161e-8
 3.25000e+1 1.90000e+0 1.73327e-8
 3.25000e+1 1.97000e+0 4.89118e-9
 3.25000e+1 1.99900e+0 2.19262e-10
 3.25000e+1 1.99990e+0 8.03633e-11
 3.25000e+1 2.00000e+0 1.63954e-10
 4.37500e+1 1.00000e-6 9.56031e+5
 4.37500e+1 1.20000e-6 6.70580e+5
 4.37500e+1 1.40000e-6 4.96219e+5
 4.37500e+1 1.70000e-6 3.39114e+5
 4.37500e+1 2.00000e-6 2.46328e+5
 4.37500e+1 2.40000e-6 1.71933e+5
 4.37500e+1 2.80000e-6 1.26780e+5
 4.37500e+1 3.30000e-6 9.15765e+4
 4.37500e+1 3.90000e-6 6.57556e+4
 4.37500e+1 4.60000e-6 4.73803e+4
 4.37500e+1 5.50000e-6 3.32164e+4
 4.37500e+1 6.60000e-6 2.31109e+4
 4.37500e+1 7.90000e-6 1.61561e+4
 4.37500e+1 9.40000e-6 1.14261e+4
 4.37500e+1 1.09000e-5 8.50574e+3
 4.37500e+1 1.29000e-5 6.07845e+3
 4.37500e+1 1.49000e-5 4.55934e+3
 4.37500e+1 1.79000e-5 3.16158e+3
 4.37500e+1 2.09000e-5 2.32040e+3
 4.37500e+1 2.49000e-5 1.63570e+3
 4.37500e+1 2.99000e-5 1.13497e+3
 4.37500e+1 3.49000e-5 8.33382e+2
 4.37500e+1 4.19000e-5 5.78427e+2
 4.37500e+1 4.99000e-5 4.07975e+2
 4.37500e+1 5.89000e-5 2.92916e+2
 4.37500e+1 6.99000e-5 2.08044e+2
 4.37500e+1 8.29000e-5 1.47956e+2
 4.37500e+1 9.89000e-5 1.03987e+2
 4.37500e+1 1.09900e-4 8.42277e+1
 4.37500e+1 1.29900e-4 6.03054e+1
 4.37500e+1 1.49900e-4 4.52979e+1
 4.37500e+1 1.79900e-4 3.14601e+1
 4.37500e+1 2.09900e-4 2.31164e+1
 4.37500e+1 2.49900e-4 1.63139e+1
 4.37500e+1 2.99900e-4 1.13318e+1
 4.37500e+1 3.49900e-4 8.32733e+0
 4.37500e+1 4.19900e-4 5.78473e+0
 4.37500e+1 4.99900e-4 4.08315e+0
 4.37500e+1 5.89900e-4 2.93356e+0
 4.37500e+1 6.99900e-4 2.08493e+0
 4.37500e+1 8.29900e-4 1.48368e+0
 4.37500e+1 9.89900e-4 1.04343e+0
 4.37500e+1 1.09990e-3 8.45477e-1
 4.37500e+1 1.29990e-3 6.05709e-1
 4.37500e+1 1.49990e-3 4.55212e-1
 4.37500e+1 1.79990e-3 3.16367e-1
 4.37500e+1 2.09990e-3 2.32601e-1
 4.37500e+1 2.49990e-3 1.64270e-1
 4.37500e+1 2.99990e-3 1.14193e-1
 4.37500e+1 3.49990e-3 8.39755e-2
 4.37500e+1 4.19990e-3 5.83869e-2
 4.37500e+1 4.99990e-3 4.12499e-2
 4.37500e+1 5.99990e-3 2.86872e-2
 4.37500e+1 7.19990e-3 1.99532e-2
 4.37500e+1 8.59990e-3 1.40091e-2
 4.37500e+1 9.99990e-3 1.03772e-2
 4.37500e+1 1.20000e-2 7.22096e-3
 4.37500e+1 1.40000e-2 5.31513e-3
 4.37500e+1 1.60000e-2 4.04489e-3
 4.37500e+1 1.90000e-2 2.87077e-3
 4.37500e+1 2.20000e-2 2.14252e-3
 4.37500e+1 2.60000e-2 1.53491e-3
 4.37500e+1 3.10000e-2 1.08018e-3
 4.37500e+1 3.70000e-2 7.58354e-4
 4.37500e+1 4.40000e-2 5.36144e-4
 4.37500e+1 5.20000e-2 3.83626e-4
 4.37500e+1 6.20000e-2 2.69516e-4
 4.37500e+1 7.40000e-2 1.88812e-4
 4.37500e+1 8.80000e-2 1.33124e-4
 4.37500e+1 1.05000e-1 9.31148e-5
 4.37500e+1 1.25000e-1 6.53318e-5
 4.37500e+1 1.47500e-1 4.65880e-5
 4.37500e+1 1.75000e-1 3.27819e-5
 4.37500e+1 2.07500e-1 2.30320e-5
 4.37500e+1 2.47500e-1 1.59254e-5
 4.37500e+1 2.92500e-1 1.11774e-5
 4.37500e+1 3.47500e-1 7.71459e-6
 4.37500e+1 4.10000e-1 5.36731e-6
 4.37500e+1 4.85000e-1 3.68003e-6
 4.37500e+1 5.70000e-1 2.53211e-6
 4.37500e+1 6.70000e-1 1.71658e-6
 4.37500e+1 7.80000e-1 1.16975e-6
 4.37500e+1 9.05000e-1 7.85237e-7
 4.37500e+1 1.04500e+0 5.17106e-7
 4.37500e+1 1.19500e+0 3.35466e-7
 4.37500e+1 1.35000e+0 2.13505e-7
 4.37500e+1 1.51000e+0 1.29364e-7
 4.37500e+1 1.66000e+0 7.46341e-8
 4.37500e+1 1.79500e+0 3.86512e-8
 4.37500e+1 1.90000e+0 1.68950e-8
 4.37500e+1 1.97000e+0 4.74790e-9
 4.37500e+1 1.99900e+0 1.86548e-10
 4.37500e+1 1.99990e+0 5.09376e-11
 4.37500e+1 2.00000e+0 1.32567e-10
 6.62500e+1 1.00000e-6 9.73222e+5
 6.62500e+1 1.20000e-6 6.78879e+5
 6.62500e+1 1.40000e-6 5.00370e+5
 6.62500e+1 1.60000e-6 3.84020e+5
 6.62500e+1 1.90000e-6 2.73054e+5
 6.62500e+1 2.20000e-6 2.04060e+5
 6.62500e+1 2.60000e-6 1.46381e+5
 6.62500e+1 3.10000e-6 1.03145e+5
 6.62500e+1 3.70000e-6 7.25096e+4
 6.62500e+1 4.40000e-6 5.13350e+4
 6.62500e+1 5.20000e-6 3.67908e+4
 6.62500e+1 6.20000e-6 2.59027e+4
 6.62500e+1 7.40000e-6 1.81968e+4
 6.62500e+1 8.80000e-6 1.28756e+4
 6.62500e+1 9.90000e-6 1.01772e+4
 6.62500e+1 1.09000e-5 8.39786e+3
 6.62500e+1 1.29000e-5 5.99841e+3
 6.62500e+1 1.49000e-5 4.49770e+3
 6.62500e+1 1.79000e-5 3.11763e+3
 6.62500e+1 2.09000e-5 2.28752e+3
 6.62500e+1 2.49000e-5 1.61209e+3
 6.62500e+1 2.99000e-5 1.11833e+3
 6.62500e+1 3.49000e-5 8.21028e+2
 6.62500e+1 4.19000e-5 5.69758e+2
 6.62500e+1 4.99000e-5 4.01808e+2
 6.62500e+1 5.89000e-5 2.88458e+2
 6.62500e+1 6.99000e-5 2.04859e+2
 6.62500e+1 8.29000e-5 1.45679e+2
 6.62500e+1 9.89000e-5 1.02380e+2
 6.62500e+1 1.09900e-4 8.29231e+1
 6.62500e+1 1.29900e-4 5.93685e+1
 6.62500e+1 1.49900e-4 4.45926e+1
 6.62500e+1 1.79900e-4 3.09690e+1
 6.62500e+1 2.09900e-4 2.27549e+1
 6.62500e+1 2.49900e-4 1.60584e+1
 6.62500e+1 2.99900e-4 1.11540e+1
 6.62500e+1 3.49900e-4 8.19659e+0
 6.62500e+1 4.19900e-4 5.69382e+0
 6.62500e+1 4.99900e-4 4.01892e+0
 6.62500e+1 5.89900e-4 2.88738e+0
 6.62500e+1 6.99900e-4 2.05209e+0
 6.62500e+1 8.29900e-4 1.46030e+0
 6.62500e+1 9.89900e-4 1.02698e+0
 6.62500e+1 1.09990e-3 8.32147e-1
 6.62500e+1 1.29990e-3 5.96156e-1
 6.62500e+1 1.49990e-3 4.48031e-1
 6.62500e+1 1.79990e-3 3.11376e-1
 6.62500e+1 2.09990e-3 2.28931e-1
 6.62500e+1 2.49990e-3 1.61677e-1
 6.62500e+1 2.99990e-3 1.12390e-1
 6.62500e+1 3.49990e-3 8.26498e-2
 6.62500e+1 4.19990e-3 5.74650e-2
 6.62500e+1 4.99990e-3 4.05986e-2
 6.62500e+1 5.99990e-3 2.82342e-2
 6.62500e+1 7.19990e-3 1.96381e-2
 6.62500e+1 8.59990e-3 1.37879e-2
 6.62500e+1 9.99990e-3 1.02133e-2
 6.62500e+1 1.20000e-2 7.10692e-3
 6.62500e+1 1.40000e-2 5.23118e-3
 6.62500e+1 1.60000e-2 3.98100e-3
 6.62500e+1 1.90000e-2 2.82543e-3
 6.62500e+1 2.20000e-2 2.10868e-3
 6.62500e+1 2.60000e-2 1.51066e-3
 6.62500e+1 3.10000e-2 1.06312e-3
 6.62500e+1 3.70000e-2 7.46375e-4
 6.62500e+1 4.40000e-2 5.27675e-4
 6.62500e+1 5.20000e-2 3.77565e-4
 6.62500e+1 6.20000e-2 2.65259e-4
 6.62500e+1 7.40000e-2 1.85829e-4
 6.62500e+1 8.80000e-2 1.31020e-4
 6.62500e+1 1.05000e-1 9.16437e-5
 6.62500e+1 1.25000e-1 6.42996e-5
 6.62500e+1 1.47500e-1 4.58519e-5
 6.62500e+1 1.75000e-1 3.22639e-5
 6.62500e+1 2.07500e-1 2.26680e-5
 6.62500e+1 2.47500e-1 1.56737e-5
 6.62500e+1 2.92500e-1 1.10007e-5
 6.62500e+1 3.47500e-1 7.59264e-6
 6.62500e+1 4.10000e-1 5.28244e-6
 6.62500e+1 4.85000e-1 3.62183e-6
 6.62500e+1 5.70000e-1 2.49205e-6
 6.62500e+1 6.70000e-1 1.68941e-6
 6.62500e+1 7.80000e-1 1.15123e-6
 6.62500e+1 9.05000e-1 7.72794e-7
 6.62500e+1 1.04500e+0 5.08903e-7
 6.62500e+1 1.19500e+0 3.30136e-7
 6.62500e+1 1.35000e+0 2.10105e-7
 6.62500e+1 1.51000e+0 1.27296e-7
 6.62500e+1 1.66000e+0 7.34326e-8
 6.62500e+1 1.79500e+0 3.80197e-8
 6.62500e+1 1.90000e+0 1.66082e-8
 6.62500e+1 1.97000e+0 4.65360e-9
 6.62500e+1 1.99900e+0 1.64557e-10
 6.62500e+1 1.99990e+0 3.10967e-11
 6.62500e+1 2.00000e+0 1.11445e-10
 1.00000e+5 1.00000e-6 9.86748e+5
 1.00000e+5 1.10000e-6 8.15503e+5
 1.00000e+5 1.30000e-6 5.83893e+5
 1.00000e+5 1.50000e-6 4.38576e+5
 1.00000e+5 1.80000e-6 3.04575e+5
 1.00000e+5 2.10000e-6 2.23774e+5
 1.00000e+5 2.50000e-6 1.57900e+5
 1.00000e+5 3.00000e-6 1.09656e+5
 1.00000e+5 3.50000e-6 8.05662e+4
 1.00000e+5 4.20000e-6 5.59509e+4
 1.00000e+5 5.00000e-6 3.94806e+4
 1.00000e+5 5.90000e-6 2.83555e+4
 1.00000e+5 7.00000e-6 2.01450e+4
 1.00000e+5 8.30000e-6 1.43294e+4
 1.00000e+5 9.90000e-6 1.00725e+4
 1.00000e+5 1.09000e-5 8.30943e+3
 1.00000e+5 1.29000e-5 5.93297e+3
 1.00000e+5 1.49000e-5 4.44739e+3
 1.00000e+5 1.79000e-5 3.08181e+3
 1.00000e+5 2.09000e-5 2.26075e+3
 1.00000e+5 2.49000e-5 1.59289e+3
 1.00000e+5 2.99000e-5 1.10481e+3
 1.00000e+5 3.49000e-5 8.10999e+2
 1.00000e+5 4.19000e-5 5.62726e+2
 1.00000e+5 4.99000e-5 3.96807e+2
 1.00000e+5 5.89000e-5 2.84844e+2
 1.00000e+5 6.99000e-5 2.02278e+2
 1.00000e+5 8.29000e-5 1.43835e+2
 1.00000e+5 9.89000e-5 1.01079e+2
 1.00000e+5 1.09900e-4 8.18670e+1
 1.00000e+5 1.29900e-4 5.86101e+1
 1.00000e+5 1.49900e-4 4.40217e+1
 1.00000e+5 1.79900e-4 3.05716e+1
 1.00000e+5 2.09900e-4 2.24625e+1
 1.00000e+5 2.49900e-4 1.58517e+1
 1.00000e+5 2.99900e-4 1.10102e+1
 1.00000e+5 3.49900e-4 8.09083e+0
 1.00000e+5 4.19900e-4 5.62028e+0
 1.00000e+5 4.99900e-4 3.96697e+0
 1.00000e+5 5.89900e-4 2.85004e+0
 1.00000e+5 6.99900e-4 2.02553e+0
 1.00000e+5 8.29900e-4 1.44139e+0
 1.00000e+5 9.89900e-4 1.01368e+0
 1.00000e+5 1.09990e-3 8.21367e-1
 1.00000e+5 1.29990e-3 5.88431e-1
 1.00000e+5 1.49990e-3 4.42224e-1
 1.00000e+5 1.79990e-3 3.07339e-1
 1.00000e+5 2.09990e-3 2.25962e-1
 1.00000e+5 2.49990e-3 1.59580e-1
 1.00000e+5 2.99990e-3 1.10932e-1
 1.00000e+5 3.49990e-3 8.15776e-2
 1.00000e+5 4.19990e-3 5.67195e-2
 1.00000e+5 4.99990e-3 4.00718e-2
 1.00000e+5 5.99990e-3 2.78678e-2
 1.00000e+5 7.19990e-3 1.93833e-2
 1.00000e+5 8.59990e-3 1.36090e-2
 1.00000e+5 9.99990e-3 1.00808e-2
 1.00000e+5 1.20000e-2 7.01469e-3
 1.00000e+5 1.40000e-2 5.16329e-3
 1.00000e+5 1.60000e-2 3.92934e-3
 1.00000e+5 1.90000e-2 2.78876e-3
 1.00000e+5 2.20000e-2 2.08131e-3
 1.00000e+5 2.60000e-2 1.49105e-3
 1.00000e+5 3.10000e-2 1.04932e-3
 1.00000e+5 3.70000e-2 7.36687e-4
 1.00000e+5 4.40000e-2 5.20826e-4
 1.00000e+5 5.20000e-2 3.72665e-4
 1.00000e+5 6.20000e-2 2.61816e-4
 1.00000e+5 7.40000e-2 1.83417e-4
 1.00000e+5 8.80000e-2 1.29320e-4
 1.00000e+5 1.05000e-1 9.04540e-5
 1.00000e+5 1.25000e-1 6.34649e-5
 1.00000e+5 1.47500e-1 4.52566e-5
 1.00000e+5 1.75000e-1 3.18450e-5
 1.00000e+5 2.07500e-1 2.23737e-5
 1.00000e+5 2.47500e-1 1.54702e-5
 1.00000e+5 2.92500e-1 1.08579e-5
 1.00000e+5 3.47500e-1 7.49403e-6
 1.00000e+5 4.10000e-1 5.21382e-6
 1.00000e+5 4.85000e-1 3.57477e-6
 1.00000e+5 5.70000e-1 2.45966e-6
 1.00000e+5 6.70000e-1 1.66744e-6
 1.00000e+5 7.80000e-1 1.13625e-6
 1.00000e+5 9.05000e-1 7.62733e-7
 1.00000e+5 1.04500e+0 5.02271e-7
 1.00000e+5 1.19500e+0 3.25828e-7
 1.00000e+5 1.35000e+0 2.07357e-7
 1.00000e+5 1.51000e+0 1.25625e-7
 1.00000e+5 1.66000e+0 7.24620e-8
 1.00000e+5 1.79500e+0 3.75099e-8
 1.00000e+5 1.90000e+0 1.63772e-8
 1.00000e+5 1.97000e+0 4.57826e-9
 1.00000e+5 1.99900e+0 1.47680e-10
 1.00000e+5 1.99990e+0 1.59578e-11
 1.00000e+5 2.00000e+0 9.52685e-11