 1.00000e-5 1.00000e-6 5.00000e-1
 1.00000e-5 2.00000e+0 5.00000e-1
 1.00000e-3 1.00000e-6 6.21102e+1
 1.00000e-3 3.79990e-3 4.23580e+1
 1.00000e-3 7.99990e-3 2.92199e+1
 1.00000e-3 1.20000e-2 2.14635e+1
 1.00000e-3 1.70000e-2 1.53380e+1
 1.00000e-3 2.30000e-2 1.08412e+1
 1.00000e-3 3.00000e-2 7.66541e+0
 1.00000e-3 3.80000e-2 5.46001e+0
 1.00000e-3 4.80000e-2 3.80356e+0
 1.00000e-3 6.00000e-2 2.63468e+0
 1.00000e-3 7.40000e-2 1.83413e+0
 1.00000e-3 9.00000e-2 1.29133e+0
 1.00000e-3 1.07500e-1 9.30690e-1
 1.00000e-3 1.30000e-1 6.50694e-1
 1.00000e-3 1.55000e-1 4.64759e-1
 1.00000e-3 1.85000e-1 3.30131e-1
 1.00000e-3 2.22500e-1 2.30535e-1
 1.00000e-3 2.67500e-1 1.60897e-1
 1.00000e-3 3.20000e-1 1.13287e-1
 1.00000e-3 3.85000e-1 7.87584e-2
 1.00000e-3 4.60000e-1 5.53744e-2
 1.00000e-3 5.50000e-1 3.87688e-2
 1.00000e-3 6.55000e-1 2.73100e-2
 1.00000e-3 7.80000e-1 1.92540e-2
 1.00000e-3 9.35000e-1 1.34329e-2
 1.00000e-3 1.12000e+0 9.38514e-3
 1.00000e-3 1.34000e+0 6.54149e-3
 1.00000e-3 1.60000e+0 4.58780e-3
 1.00000e-3 1.93000e+0 3.14865e-3
 1.00000e-3 2.00000e+0 2.93923e-3
 2.00000e-3 1.00000e-6 1.24175e+2
 2.00000e-3 1.89990e-3 8.45675e+1
 2.00000e-3 3.99990e-3 5.83808e+1
 2.00000e-3 6.39990e-3 4.05131e+1
 2.00000e-3 9.19990e-3 2.81165e+1
 2.00000e-3 1.20000e-2 2.05182e+1
 2.00000e-3 1.50000e-2 1.52794e+1
 2.00000e-3 1.90000e-2 1.08691e+1
 2.00000e-3 2.40000e-2 7.56299e+0
 2.00000e-3 3.00000e-2 5.23501e+0
 2.00000e-3 3.70000e-2 3.64345e+0
 2.00000e-3 4.50000e-2 2.56541e+0
 2.00000e-3 5.40000e-2 1.83328e+0
 2.00000e-3 6.50000e-2 1.29272e+0
 2.00000e-3 7.80000e-2 9.11254e-1
 2.00000e-3 9.40000e-2 6.34036e-1
 2.00000e-3 1.12500e-1 4.45670e-1
 2.00000e-3 1.35000e-1 3.11026e-1
 2.00000e-3 1.60000e-1 2.22293e-1
 2.00000e-3 1.90000e-1 1.58285e-1
 2.00000e-3 2.27500e-1 1.10945e-1
 2.00000e-3 2.72500e-1 7.77383e-2
 2.00000e-3 3.27500e-1 5.40764e-2
 2.00000e-3 3.92500e-1 3.77421e-2
 2.00000e-3 4.70000e-1 2.62961e-2
 2.00000e-3 5.60000e-1 1.84519e-2
 2.00000e-3 6.65000e-1 1.30343e-2
 2.00000e-3 7.95000e-1 9.12004e-3
 2.00000e-3 9.50000e-1 6.41698e-3
 2.00000e-3 1.14500e+0 4.42487e-3
 2.00000e-3 1.37000e+0 3.06966e-3
 2.00000e-3 1.63000e+0 2.17310e-3
 2.00000e-3 1.96000e+0 1.49690e-3
 2.00000e-3 2.00000e+0 1.44470e-3
 4.00000e-3 1.00000e-6 2.48230e+2
 4.00000e-3 9.29900e-4 1.70293e+2
 4.00000e-3 1.99990e-3 1.16968e+2
 4.00000e-3 3.19990e-3 8.13469e+1
 4.00000e-3 4.59990e-3 5.65060e+1
 4.00000e-3 6.19990e-3 3.95318e+1
 4.00000e-3 8.09990e-3 2.75016e+1
 4.00000e-3 9.99990e-3 2.01168e+1
 4.00000e-3 1.20000e-2 1.50861e+1
 4.00000e-3 1.50000e-2 1.04044e+1
 4.00000e-3 1.80000e-2 7.57536e+0
 4.00000e-3 2.20000e-2 5.27810e+0
 4.00000e-3 2.60000e-2 3.87548e+0
 4.00000e-3 3.10000e-2 2.78127e+0
 4.00000e-3 3.70000e-2 1.98125e+0
 4.00000e-3 4.40000e-2 1.41544e+0
 4.00000e-3 5.30000e-2 9.83059e-1
 4.00000e-3 6.30000e-2 6.99289e-1
 4.00000e-3 7.50000e-2 4.95436e-1
 4.00000e-3 9.00000e-2 3.45464e-1
 4.00000e-3 1.07500e-1 2.43273e-1
 4.00000e-3 1.27500e-1 1.73924e-1
 4.00000e-3 1.52500e-1 1.22491e-1
 4.00000e-3 1.82500e-1 8.62910e-2
 4.00000e-3 2.17500e-1 6.12990e-2
 4.00000e-3 2.60000e-1 4.32202e-2
 4.00000e-3 3.12500e-1 3.00203e-2
 4.00000e-3 3.75000e-1 2.07746e-2
 4.00000e-3 4.45000e-1 1.46039e-2
 4.00000e-3 5.30000e-1 1.01502e-2
 4.00000e-3 6.30000e-1 7.11046e-3
 4.00000e-3 7.50000e-1 5.02927e-3
 4.00000e-3 9.00000e-1 3.54707e-3
 4.00000e-3 1.09500e+0 2.41184e-3
 4.00000e-3 1.31000e+0 1.65083e-3
 4.00000e-3 1.53500e+0 1.20044e-3
 4.00000e-3 1.94000e+0 7.45747e-4
 4.00000e-3 2.00000e+0 7.13360e-4
 8.00000e-3 1.00000e-6 4.98311e+2
 8.00000e-3 4.59900e-4 3.43071e+2
 8.00000e-3 9.89900e-4 2.36001e+2
 8.00000e-3 1.59990e-3 1.62711e+2
 8.00000e-3 2.29990e-3 1.12708e+2
 8.00000e-3 3.09990e-3 7.86206e+1
 8.00000e-3 3.99990e-3 5.55351e+1
 8.00000e-3 5.09990e-3 3.86415e+1
 8.00000e-3 6.39990e-3 2.68726e+1
 8.00000e-3 7.89990e-3 1.88499e+1
 8.00000e-3 9.69990e-3 1.31598e+1
 8.00000e-3 1.10000e-2 1.05003e+1
 8.00000e-3 1.30000e-2 7.73660e+0
 8.00000e-3 1.50000e-2 5.92971e+0
 8.00000e-3 1.80000e-2 4.20450e+0
 8.00000e-3 2.10000e-2 3.13226e+0
 8.00000e-3 2.50000e-2 2.23726e+0
 8.00000e-3 3.00000e-2 1.56814e+0
 8.00000e-3 3.60000e-2 1.09574e+0
 8.00000e-3 4.30000e-2 7.70668e-1
 8.00000e-3 5.10000e-2 5.48537e-1
 8.00000e-3 6.10000e-2 3.83257e-1
 8.00000e-3 7.30000e-2 2.67134e-1
 8.00000e-3 8.70000e-2 1.87612e-1
 8.00000e-3 1.02500e-1 1.34835e-1
 8.00000e-3 1.22500e-1 9.42056e-2
 8.00000e-3 1.45000e-1 6.71816e-2
 8.00000e-3 1.72500e-1 4.75044e-2
 8.00000e-3 2.05000e-1 3.37196e-2
 8.00000e-3 2.45000e-1 2.37008e-2
 8.00000e-3 2.92500e-1 1.66961e-2
 8.00000e-3 3.50000e-1 1.16895e-2
 8.00000e-3 4.20000e-1 8.10799e-3
 8.00000e-3 5.00000e-1 5.69079e-3
 8.00000e-3 5.95000e-1 3.98885e-3
 8.00000e-3 7.10000e-1 2.78719e-3
 8.00000e-3 8.45000e-1 1.97073e-3
 8.00000e-3 1.01500e+0 1.37221e-3
 8.00000e-3 1.22000e+0 9.44691e-4
 8.00000e-3 1.45000e+0 6.61661e-4
 8.00000e-3 1.73500e+0 4.64154e-4
 8.00000e-3 2.00000e+0 3.47113e-4
 1.60000e-2 1.00000e-6 1.00766e+3
 1.60000e-2 2.19900e-4 7.00058e+2
 1.60000e-2 4.79900e-4 4.81805e+2
 1.60000e-2 7.79900e-4 3.32613e+2
 1.60000e-2 1.09990e-3 2.36523e+2
 1.60000e-2 1.49990e-3 1.63931e+2
 1.60000e-2 1.89990e-3 1.19487e+2
 1.60000e-2 2.39990e-3 8.48971e+1
 1.60000e-2 2.99990e-3 5.97673e+1
 1.60000e-2 3.69990e-3 4.21599e+1
 1.60000e-2 4.49990e-3 3.00080e+1
 1.60000e-2 5.49990e-3 2.09253e+1
 1.60000e-2 6.69990e-3 1.45381e+1
 1.60000e-2 8.09990e-3 1.01697e+1
 1.60000e-2 9.79990e-3 7.06414e+0
 1.60000e-2 1.10000e-2 5.65149e+0
 1.60000e-2 1.30000e-2 4.08336e+0
 1.60000e-2 1.50000e-2 3.08557e+0
 1.60000e-2 1.80000e-2 2.15522e+0
 1.60000e-2 2.10000e-2 1.58919e+0
 1.60000e-2 2.50000e-2 1.12473e+0
 1.60000e-2 3.00000e-2 7.82815e-1
 1.60000e-2 3.60000e-2 5.44452e-1
 1.60000e-2 4.30000e-2 3.81988e-1
 1.60000e-2 5.10000e-2 2.71703e-1
 1.60000e-2 6.10000e-2 1.89981e-1
 1.60000e-2 7.30000e-2 1.32666e-1
 1.60000e-2 8.70000e-2 9.33951e-2
 1.60000e-2 1.02500e-1 6.72699e-2
 1.60000e-2 1.22500e-1 4.70804e-2
 1.60000e-2 1.45000e-1 3.35876e-2
 1.60000e-2 1.72500e-1 2.37179e-2
 1.60000e-2 2.05000e-1 1.67809e-2
 1.60000e-2 2.45000e-1 1.17366e-2
 1.60000e-2 2.92500e-1 8.22305e-3
 1.60000e-2 3.50000e-1 5.73286e-3
 1.60000e-2 4.15000e-1 4.06900e-3
 1.60000e-2 4.95000e-1 2.85261e-3
 1.60000e-2 5.90000e-1 2.00213e-3
 1.60000e-2 7.05000e-1 1.39775e-3
 1.60000e-2 8.40000e-1 9.80931e-4
 1.60000e-2 1.00500e+0 6.81713e-4
 1.60000e-2 1.20000e+0 4.74828e-4
 1.60000e-2 1.43000e+0 3.32002e-4
 1.60000e-2 1.71000e+0 2.30181e-4
 1.60000e-2 2.00000e+0 1.67562e-4
 3.20000e-2 1.00000e-6 2.05008e+3
 3.20000e-2 1.09900e-4 1.41537e+3
 3.20000e-2 2.29900e-4 9.94882e+2
 3.20000e-2 3.69900e-4 6.97418e+2
 3.20000e-2 5.39900e-4 4.81639e+2
 3.20000e-2 7.39900e-4 3.32197e+2
 3.20000e-2 9.69900e-4 2.30873e+2
 3.20000e-2 1.19990e-3 1.68787e+2
 3.20000e-2 1.49990e-3 1.18740e+2
 3.20000e-2 1.79990e-3 8.77002e+1
 3.20000e-2 2.19990e-3 6.19523e+1
 3.20000e-2 2.69990e-3 4.28984e+1
 3.20000e-2 3.19990e-3 3.13684e+1
 3.20000e-2 3.79990e-3 2.27155e+1
 3.20000e-2 4.59990e-3 1.57748e+1
 3.20000e-2 5.49990e-3 1.11677e+1
 3.20000e-2 6.59990e-3 7.82475e+0
 3.20000e-2 7.89990e-3 5.49594e+0
 3.20000e-2 9.49990e-3 3.81798e+0
 3.20000e-2 1.10000e-2 2.85518e+0
 3.20000e-2 1.30000e-2 2.04872e+0
 3.20000e-2 1.50000e-2 1.54093e+0
 3.20000e-2 1.80000e-2 1.07145e+0
 3.20000e-2 2.10000e-2 7.87808e-1
 3.20000e-2 2.50000e-2 5.56253e-1
 3.20000e-2 3.00000e-2 3.86497e-1
 3.20000e-2 3.50000e-2 2.84063e-1
 3.20000e-2 4.20000e-2 1.97337e-1
 3.20000e-2 5.00000e-2 1.39277e-1
 3.20000e-2 5.90000e-2 1.00042e-1
 3.20000e-2 7.00000e-2 7.10722e-2
 3.20000e-2 8.30000e-2 5.05436e-2
 3.20000e-2 9.90000e-2 3.55105e-2
 3.20000e-2 1.17500e-1 2.51889e-2
 3.20000e-2 1.40000e-1 1.77212e-2
 3.20000e-2 1.67500e-1 1.23579e-2
 3.20000e-2 2.00000e-1 8.64813e-3
 3.20000e-2 2.37500e-1 6.11645e-3
 3.20000e-2 2.82500e-1 4.31003e-3
 3.20000e-2 3.37500e-1 3.00985e-3
 3.20000e-2 4.00000e-1 2.13581e-3
 3.20000e-2 4.75000e-1 1.50919e-3
 3.20000e-2 5.65000e-1 1.06190e-3
 3.20000e-2 6.75000e-1 7.39209e-4
 3.20000e-2 8.05000e-1 5.15161e-4
 3.20000e-2 9.60000e-1 3.58458e-4
 3.20000e-2 1.14500e+0 2.49353e-4
 3.20000e-2 1.36500e+0 1.73249e-4
 3.20000e-2 1.62500e+0 1.19883e-4
 3.20000e-2 1.94000e+0 8.25473e-5
 3.20000e-2 2.00000e+0 7.65563e-5
 6.40000e-2 1.00000e-6 3.80566e+3
 6.40000e-2 6.89000e-5 2.57932e+3
 6.40000e-2 1.39900e-4 1.79652e+3
 6.40000e-2 2.19900e-4 1.25040e+3
 6.40000e-2 3.09900e-4 8.71572e+2
 6.40000e-2 4.09900e-4 6.11903e+2
 6.40000e-2 5.29900e-4 4.22039e+2
 6.40000e-2 6.69900e-4 2.89996e+2
 6.40000e-2 8.29900e-4 2.00565e+2
 6.40000e-2 9.99900e-4 1.43174e+2
 6.40000e-2 1.19990e-3 1.01825e+2
 6.40000e-2 1.39990e-3 7.58809e+1
 6.40000e-2 1.69990e-3 5.21462e+1
 6.40000e-2 1.99990e-3 3.80190e+1
 6.40000e-2 2.39990e-3 2.66601e+1
 6.40000e-2 2.79990e-3 1.97565e+1
 6.40000e-2 3.29990e-3 1.43648e+1
 6.40000e-2 3.89990e-3 1.03967e+1
 6.40000e-2 4.69990e-3 7.24966e+0
 6.40000e-2 5.59990e-3 5.16811e+0
 6.40000e-2 6.69990e-3 3.65342e+0
 6.40000e-2 7.99990e-3 2.59052e+0
 6.40000e-2 9.59990e-3 1.81691e+0
 6.40000e-2 1.10000e-2 1.39276e+0
 6.40000e-2 1.30000e-2 1.00375e+0
 6.40000e-2 1.50000e-2 7.57267e-1
 6.40000e-2 1.80000e-2 5.27956e-1
 6.40000e-2 2.10000e-2 3.88599e-1
 6.40000e-2 2.50000e-2 2.74314e-1
 6.40000e-2 3.00000e-2 1.90234e-1
 6.40000e-2 3.50000e-2 1.39409e-1
 6.40000e-2 4.10000e-2 1.01203e-1
 6.40000e-2 4.90000e-2 7.04571e-2
 6.40000e-2 5.80000e-2 4.99699e-2
 6.40000e-2 6.90000e-2 3.50545e-2
 6.40000e-2 8.20000e-2 2.46395e-2
 6.40000e-2 9.80000e-2 1.71282e-2
 6.40000e-2 1.15000e-1 1.23714e-2
 6.40000e-2 1.37500e-1 8.61686e-3
 6.40000e-2 1.62500e-1 6.15789e-3
 6.40000e-2 1.92500e-1 4.38923e-3
 6.40000e-2 2.30000e-1 3.08073e-3
 6.40000e-2 2.75000e-1 2.15961e-3
 6.40000e-2 3.30000e-1 1.49926e-3
 6.40000e-2 3.95000e-1 1.04045e-3
 6.40000e-2 4.70000e-1 7.25863e-4
 6.40000e-2 5.60000e-1 5.02208e-4
 6.40000e-2 6.65000e-1 3.49827e-4
 6.40000e-2 7.90000e-1 2.44899e-4
 6.40000e-2 9.40000e-1 1.71662e-4
 6.40000e-2 1.12500e+0 1.17602e-4
 6.40000e-2 1.33000e+0 8.11447e-5
 6.40000e-2 1.55500e+0 5.79295e-5
 6.40000e-2 1.90000e+0 3.68281e-5
 6.40000e-2 2.00000e+0 3.37476e-5
 1.28000e-1 1.00000e-6 8.90224e+3
 1.28000e-1 2.59000e-5 6.16043e+3
 1.28000e-1 5.49000e-5 4.25891e+3
 1.28000e-1 8.89000e-5 2.93805e+3
 1.28000e-1 1.19900e-4 2.18893e+3
 1.28000e-1 1.59900e-4 1.57047e+3
 1.28000e-1 2.09900e-4 1.09877e+3
 1.28000e-1 2.69900e-4 7.62542e+2
 1.28000e-1 3.39900e-4 5.30998e+2
 1.28000e-1 4.19900e-4 3.73634e+2
 1.28000e-1 5.09900e-4 2.66684e+2
 1.28000e-1 6.19900e-4 1.87779e+2
 1.28000e-1 7.49900e-4 1.32179e+2
 1.28000e-1 9.09900e-4 9.18336e+1
 1.28000e-1 1.09990e-3 6.38840e+1
 1.28000e-1 1.29990e-3 4.62302e+1
 1.28000e-1 1.49990e-3 3.49668e+1
 1.28000e-1 1.79990e-3 2.44436e+1
 1.28000e-1 2.09990e-3 1.80315e+1
 1.28000e-1 2.49990e-3 1.27653e+1
 1.28000e-1 2.99990e-3 8.88607e+0
 1.28000e-1 3.59990e-3 6.18080e+0
 1.28000e-1 4.29990e-3 4.33670e+0
 1.28000e-1 5.09990e-3 3.08484e+0
 1.28000e-1 6.09990e-3 2.15720e+0
 1.28000e-1 7.29990e-3 1.50662e+0
 1.28000e-1 8.69990e-3 1.06086e+0
 1.28000e-1 9.99990e-3 8.02980e-1
 1.28000e-1 1.10000e-2 6.63615e-1
 1.28000e-1 1.30000e-2 4.75108e-1
 1.28000e-1 1.50000e-2 3.56831e-1
 1.28000e-1 1.80000e-2 2.47763e-1
 1.28000e-1 2.10000e-2 1.82000e-1
 1.28000e-1 2.50000e-2 1.28386e-1
 1.28000e-1 3.00000e-2 8.91246e-2
 1.28000e-1 3.50000e-2 6.54519e-2
 1.28000e-1 4.20000e-2 4.54221e-2
 1.28000e-1 5.00000e-2 3.20213e-2
 1.28000e-1 5.90000e-2 2.29709e-2
 1.28000e-1 7.00000e-2 1.62931e-2
 1.28000e-1 8.30000e-2 1.15648e-2
 1.28000e-1 9.90000e-2 8.10589e-3
 1.28000e-1 1.17500e-1 5.73409e-3
 1.28000e-1 1.40000e-1 4.02082e-3
 1.28000e-1 1.67500e-1 2.79292e-3
 1.28000e-1 2.00000e-1 1.94576e-3
 1.28000e-1 2.37500e-1 1.36938e-3
 1.28000e-1 2.82500e-1 9.59549e-4
 1.28000e-1 3.37500e-1 6.65692e-4
 1.28000e-1 4.00000e-1 4.68889e-4
 1.28000e-1 4.75000e-1 3.28257e-4
 1.28000e-1 5.65000e-1 2.28155e-4
 1.28000e-1 6.70000e-1 1.58694e-4
 1.28000e-1 7.95000e-1 1.09485e-4
 1.28000e-1 9.40000e-1 7.57214e-5
 1.28000e-1 1.11000e+0 5.24044e-5
 1.28000e-1 1.31500e+0 3.57648e-5
 1.28000e-1 1.55000e+0 2.41417e-5
 1.28000e-1 1.79000e+0 1.70410e-5
 1.28000e-1 2.00000e+0 1.25999e-5
 2.56000e-1 1.00000e-6 1.73615e+4
 2.56000e-1 1.59000e-5 1.17808e+4
 2.56000e-1 3.19000e-5 8.13829e+3
 2.56000e-1 4.99000e-5 5.62581e+3
 2.56000e-1 7.09000e-5 3.84804e+3
 2.56000e-1 9.49000e-5 2.63157e+3
 2.56000e-1 1.19900e-4 1.86074e+3
 2.56000e-1 1.49900e-4 1.29422e+3
 2.56000e-1 1.79900e-4 9.42662e+2
 2.56000e-1 2.19900e-4 6.53613e+2
 2.56000e-1 2.59900e-4 4.76713e+2
 2.56000e-1 3.09900e-4 3.39387e+2
 2.56000e-1 3.69900e-4 2.39958e+2
 2.56000e-1 4.39900e-4 1.70470e+2
 2.56000e-1 5.19900e-4 1.22527e+2
 2.56000e-1 6.19900e-4 8.65861e+1
 2.56000e-1 7.39900e-4 6.11315e+1
 2.56000e-1 8.79900e-4 4.35259e+1
 2.56000e-1 9.99900e-4 3.39014e+1
 2.56000e-1 1.19990e-3 2.37549e+1
 2.56000e-1 1.39990e-3 1.75925e+1
 2.56000e-1 1.69990e-3 1.20528e+1
 2.56000e-1 1.99990e-3 8.78029e+0
 2.56000e-1 2.39990e-3 6.15090e+0
 2.56000e-1 2.79990e-3 4.54987e+0
 2.56000e-1 3.29990e-3 3.29716e+0
 2.56000e-1 3.89990e-3 2.37465e+0
 2.56000e-1 4.59990e-3 1.71553e+0
 2.56000e-1 5.49990e-3 1.20550e+0
 2.56000e-1 6.59990e-3 8.40264e-1
 2.56000e-1 7.89990e-3 5.88090e-1
 2.56000e-1 9.39990e-3 4.16139e-1
 2.56000e-1 1.10000e-2 3.04181e-1
 2.56000e-1 1.30000e-2 2.17860e-1
 2.56000e-1 1.50000e-2 1.63593e-1
 2.56000e-1 1.80000e-2 1.13483e-1
 2.56000e-1 2.10000e-2 8.32443e-2
 2.56000e-1 2.50000e-2 5.85912e-2
 2.56000e-1 3.00000e-2 4.05499e-2
 2.56000e-1 3.50000e-2 2.96873e-2
 2.56000e-1 4.10000e-2 2.15438e-2
 2.56000e-1 4.90000e-2 1.50027e-2
 2.56000e-1 5.80000e-2 1.06479e-2
 2.56000e-1 6.90000e-2 7.47679e-3
 2.56000e-1 8.20000e-2 5.25991e-3
 2.56000e-1 9.80000e-2 3.65783e-3
 2.56000e-1 1.15000e-1 2.64058e-3
 2.56000e-1 1.37500e-1 1.83538e-3
 2.56000e-1 1.62500e-1 1.30662e-3
 2.56000e-1 1.92500e-1 9.25697e-4
 2.56000e-1 2.30000e-1 6.43995e-4
 2.56000e-1 2.75000e-1 4.46393e-4
 2.56000e-1 3.27500e-1 3.10702e-4
 2.56000e-1 3.90000e-1 2.14979e-4
 2.56000e-1 4.60000e-1 1.50737e-4
 2.56000e-1 5.45000e-1 1.03959e-4
 2.56000e-1 6.40000e-1 7.27679e-5
 2.56000e-1 7.55000e-1 5.03000e-5
 2.56000e-1 8.90000e-1 3.46863e-5
 2.56000e-1 1.05000e+0 2.35317e-5
 2.56000e-1 1.23000e+0 1.58171e-5
 2.56000e-1 1.42000e+0 1.08526e-5
 2.56000e-1 1.65000e+0 7.28680e-6
 2.56000e-1 1.91000e+0 4.59793e-6
 2.56000e-1 2.00000e+0 4.15964e-6
 1.00000e+1 1.00000e-6 9.03749e+5
 1.00000e+1 1.20000e-6 6.45427e+5
 1.00000e+1 1.40000e-6 4.83889e+5
 1.00000e+1 1.70000e-6 3.35361e+5
 1.00000e+1 2.00000e-6 2.46035e+5
 1.00000e+1 2.40000e-6 1.73364e+5
 1.00000e+1 2.90000e-6 1.20248e+5
 1.00000e+1 3.40000e-6 8.82696e+4
 1.00000e+1 4.10000e-6 6.12460e+4
 1.00000e+1 4.90000e-6 4.31856e+4
 1.00000e+1 5.80000e-6 3.09983e+4
 1.00000e+1 6.90000e-6 2.20110e+4
 1.00000e+1 8.20000e-6 1.56497e+4
 1.00000e+1 9.80000e-6 1.09962e+4
 1.00000e+1 1.09000e-5 8.90531e+3
 1.00000e+1 1.29000e-5 6.37442e+3
 1.00000e+1 1.49000e-5 4.78703e+3
 1.00000e+1 1.79000e-5 3.32369e+3
 1.00000e+1 2.09000e-5 2.44156e+3
 1.00000e+1 2.49000e-5 1.72254e+3
 1.00000e+1 2.99000e-5 1.19607e+3
 1.00000e+1 3.49000e-5 8.78678e+2
 1.00000e+1 4.19000e-5 6.10147e+2
 1.00000e+1 4.99000e-5 4.30494e+2
 1.00000e+1 5.89000e-5 3.09160e+2
 1.00000e+1 6.99000e-5 2.19622e+2
 1.00000e+1 8.29000e-5 1.56208e+2
 1.00000e+1 9.89000e-5 1.09794e+2
 1.00000e+1 1.09900e-4 8.89326e+1
 1.00000e+1 1.29900e-4 6.36729e+1
 1.00000e+1 1.49900e-4 4.78252e+1
 1.00000e+1 1.79900e-4 3.32119e+1
 1.00000e+1 2.09900e-4 2.44007e+1
 1.00000e+1 2.49900e-4 1.72173e+1
 1.00000e+1 2.99900e-4 1.19566e+1
 1.00000e+1 3.49900e-4 8.78454e+0
 1.00000e+1 4.19900e-4 6.10050e+0
 1.00000e+1 4.99900e-4 4.30461e+0
 1.00000e+1 5.89900e-4 3.09159e+0
 1.00000e+1 6.99900e-4 2.19635e+0
 1.00000e+1 8.29900e-4 1.56227e+0
 1.00000e+1 9.89900e-4 1.09815e+0
 1.00000e+1 1.09990e-3 8.89521e-1
 1.00000e+1 1.29990e-3 6.36904e-1
 1.00000e+1 1.49990e-3 4.78406e-1
 1.00000e+1 1.79990e-3 3.32245e-1
 1.00000e+1 2.09990e-3 2.44112e-1
 1.00000e+1 2.49990e-3 1.72257e-1
 1.00000e+1 2.99990e-3 1.19632e-1
 1.00000e+1 3.49990e-3 8.78989e-2
 1.00000e+1 4.19990e-3 6.10464e-2
 1.00000e+1 4.99990e-3 4.30784e-2
 1.00000e+1 5.89990e-3 3.09413e-2
 1.00000e+1 6.99990e-3 2.19834e-2
 1.00000e+1 8.29990e-3 1.56382e-2
 1.00000e+1 9.89990e-3 1.09934e-2
 1.00000e+1 1.10000e-2 8.90524e-3
 1.00000e+1 1.30000e-2 6.37690e-3
 1.00000e+1 1.50000e-2 4.79042e-3
 1.00000e+1 1.70000e-2 3.69764e-3
 1.00000e+1 2.00000e-2 2.66791e-3
 1.00000e+1 2.30000e-2 2.01455e-3
 1.00000e+1 2.70000e-2 1.45916e-3
 1.00000e+1 3.20000e-2 1.03637e-3
 1.00000e+1 3.80000e-2 7.32845e-4
 1.00000e+1 4.50000e-2 5.20834e-4
 1.00000e+1 5.30000e-2 3.74018e-4
 1.00000e+1 6.30000e-2 2.63415e-4
 1.00000e+1 7.50000e-2 1.84766e-4
 1.00000e+1 8.90000e-2 1.30293e-4
 1.00000e+1 1.05000e-1 9.28547e-5
 1.00000e+1 1.25000e-1 6.48489e-5
 1.00000e+1 1.47500e-1 4.60304e-5
 1.00000e+1 1.75000e-1 3.22272e-5
 1.00000e+1 2.07500e-1 2.25233e-5
 1.00000e+1 2.45000e-1 1.58247e-5
 1.00000e+1 2.90000e-1 1.10100e-5
 1.00000e+1 3.42500e-1 7.65469e-6
 1.00000e+1 4.05000e-1 5.27074e-6
 1.00000e+1 4.75000e-1 3.66553e-6
 1.00000e+1 5.55000e-1 2.54556e-6
 1.00000e+1 6.50000e-1 1.73496e-6
 1.00000e+1 7.55000e-1 1.18675e-6
 1.00000e+1 8.75000e-1 7.99047e-7
 1.00000e+1 1.01000e+0 5.28261e-7
 1.00000e+1 1.15500e+0 3.45195e-7
 1.00000e+1 1.31000e+0 2.19469e-7
 1.00000e+1 1.46500e+0 1.36374e-7
 1.00000e+1 1.62000e+0 7.95185e-8
 1.00000e+1 1.76000e+0 4.28626e-8
 1.00000e+1 1.87500e+0 2.00199e-8
 1.00000e+1 1.96000e+0 6.31356e-9
 1.00000e+1 2.00000e+0 6.36324e-10
 2.12500e+1 1.00000e-6 9.66202e+5
 2.12500e+1 1.20000e-6 6.75641e+5
 2.12500e+1 1.40000e-6 4.98861e+5
 2.12500e+1 1.60000e-6 3.83369e+5
 2.12500e+1 1.90000e-6 2.72989e+5
 2.12500e+1 2.20000e-6 2.04228e+5
 2.12500e+1 2.60000e-6 1.46653e+5
 2.12500e+1 3.10000e-6 1.03431e+5
 2.12500e+1 3.70000e-6 7.27658e+4
 2.12500e+1 4.40000e-6 5.15483e+4
 2.12500e+1 5.20000e-6 3.69620e+4
 2.12500e+1 6.20000e-6 2.60345e+4
 2.12500e+1 7.40000e-6 1.82958e+4
 2.12500e+1 8.80000e-6 1.29493e+4
 2.12500e+1 9.90000e-6 1.02370e+4
 2.12500e+1 1.09000e-5 8.44816e+3
 2.12500e+1 1.29000e-5 6.03530e+3
 2.12500e+1 1.49000e-5 4.52584e+3
 2.12500e+1 1.79000e-5 3.13744e+3
 2.12500e+1 2.09000e-5 2.30217e+3
 2.12500e+1 2.49000e-5 1.62247e+3
 2.12500e+1 2.99000e-5 1.12554e+3
 2.12500e+1 3.49000e-5 8.26309e+2
 2.12500e+1 4.19000e-5 5.73399e+2
 2.12500e+1 4.99000e-5 4.04351e+2
 2.12500e+1 5.89000e-5 2.90262e+2
 2.12500e+1 6.99000e-5 2.06120e+2
 2.12500e+1 8.29000e-5 1.46559e+2
 2.12500e+1 9.89000e-5 1.02984e+2
 2.12500e+1 1.09900e-4 8.34046e+1
 2.12500e+1 1.29900e-4 5.97034e+1
 2.12500e+1 1.49900e-4 4.48373e+1
 2.12500e+1 1.79900e-4 3.11321e+1
 2.12500e+1 2.09900e-4 2.28701e+1
 2.12500e+1 2.49900e-4 1.61356e+1
 2.12500e+1 2.99900e-4 1.12043e+1
 2.12500e+1 3.49900e-4 8.23133e+0
 2.12500e+1 4.19900e-4 5.71594e+0
 2.12500e+1 4.99900e-4 4.03305e+0
 2.12500e+1 5.89900e-4 2.89642e+0
 2.12500e+1 6.99900e-4 2.05763e+0
 2.12500e+1 8.29900e-4 1.46355e+0
 2.12500e+1 9.89900e-4 1.02872e+0
 2.12500e+1 1.09990e-3 8.33277e-1
 2.12500e+1 1.29990e-3 5.96621e-1
 2.12500e+1 1.49990e-3 4.48141e-1
 2.12500e+1 1.79990e-3 3.11222e-1
 2.12500e+1 2.09990e-3 2.28663e-1
 2.12500e+1 2.49990e-3 1.61353e-1
 2.12500e+1 2.99990e-3 1.12058e-1
 2.12500e+1 3.49990e-3 8.23339e-2
 2.12500e+1 4.19990e-3 5.71811e-2
 2.12500e+1 4.99990e-3 4.03506e-2
 2.12500e+1 5.89990e-3 2.89819e-2
 2.12500e+1 6.99990e-3 2.05912e-2
 2.12500e+1 8.29990e-3 1.46478e-2
 2.12500e+1 9.89990e-3 1.02971e-2
 2.12500e+1 1.10000e-2 8.34122e-3
 2.12500e+1 1.30000e-2 5.97300e-3
 2.12500e+1 1.50000e-2 4.48700e-3
 2.12500e+1 1.70000e-2 3.46338e-3
 2.12500e+1 2.00000e-2 2.49888e-3
 2.12500e+1 2.30000e-2 1.88691e-3
 2.12500e+1 2.70000e-2 1.36670e-3
 2.12500e+1 3.20000e-2 9.70692e-4
 2.12500e+1 3.80000e-2 6.86400e-4
 2.12500e+1 4.50000e-2 4.87822e-4
 2.12500e+1 5.30000e-2 3.50309e-4
 2.12500e+1 6.30000e-2 2.46714e-4
 2.12500e+1 7.50000e-2 1.73050e-4
 2.12500e+1 8.90000e-2 1.22030e-4
 2.12500e+1 1.05000e-1 8.69642e-5
 2.12500e+1 1.25000e-1 6.07338e-5
 2.12500e+1 1.47500e-1 4.31085e-5
 2.12500e+1 1.75000e-1 3.01805e-5
 2.12500e+1 2.07500e-1 2.10922e-5
 2.12500e+1 2.45000e-1 1.48186e-5
 2.12500e+1 2.90000e-1 1.03094e-5
 2.12500e+1 3.42500e-1 7.16715e-6
 2.12500e+1 4.05000e-1 4.93462e-6
 2.12500e+1 4.75000e-1 3.43142e-6
 2.12500e+1 5.55000e-1 2.38268e-6
 2.12500e+1 6.50000e-1 1.62366e-6
 2.12500e+1 7.55000e-1 1.11037e-6
 2.12500e+1 8.75000e-1 7.47391e-7
 2.12500e+1 1.01000e+0 4.93896e-7
 2.12500e+1 1.15500e+0 3.22540e-7
 2.12500e+1 1.31000e+0 2.04870e-7
 2.12500e+1 1.46500e+0 1.27113e-7
 2.12500e+1 1.62000e+0 7.39182e-8
 2.12500e+1 1.76000e+0 3.96290e-8
 2.12500e+1 1.87500e+0 1.82650e-8
 2.12500e+1 1.95000e+0 6.84325e-9
 2.12500e+1 1.99500e+0 7.79461e-10
 2.12500e+1 2.00000e+0 1.39545e-10
 3.25000e+1 1.00000e-6 9.77525e+5
 3.25000e+1 1.20000e-6 6.80907e+5
 3.25000e+1 1.40000e-6 5.01349e+5
 3.25000e+1 1.60000e-6 3.84474e+5
 3.25000e+1 1.90000e-6 2.73140e+5
 3.25000e+1 2.20000e-6 2.03995e+5
 3.25000e+1 2.60000e-6 1.46243e+5
 3.25000e+1 3.10000e-6 1.02990e+5
 3.25000e+1 3.70000e-6 7.23658e+4
 3.25000e+1 4.40000e-6 5.12125e+4
 3.25000e+1 5.20000e-6 3.66906e+4
 3.25000e+1 6.20000e-6 2.58242e+4
 3.25000e+1 7.40000e-6 1.81367e+4
 3.25000e+1 8.80000e-6 1.28301e+4
 3.25000e+1 9.90000e-6 1.01397e+4
 3.25000e+1 1.09000e-5 8.36602e+3
 3.25000e+1 1.29000e-5 5.97459e+3
 3.25000e+1 1.49000e-5 4.47920e+3
 3.25000e+1 1.79000e-5 3.10427e+3
 3.25000e+1 2.09000e-5 2.27740e+3
 3.25000e+1 2.49000e-5 1.60471e+3
 3.25000e+1 2.99000e-5 1.11304e+3
 3.25000e+1 3.49000e-5 8.17041e+2
 3.25000e+1 4.19000e-5 5.66903e+2
 3.25000e+1 4.99000e-5 3.99734e+2
 3.25000e+1 5.89000e-5 2.86926e+2
 3.25000e+1 6.99000e-5 2.03738e+2
 3.25000e+1 8.29000e-5 1.44857e+2
 3.25000e+1 9.89000e-5 1.01784e+2
 3.25000e+1 1.09900e-4 8.24305e+1
 3.25000e+1 1.29900e-4 5.90042e+1
 3.25000e+1 1.49900e-4 4.43110e+1
 3.25000e+1 1.79900e-4 3.07659e+1
 3.25000e+1 2.09900e-4 2.26007e+1
 3.25000e+1 2.49900e-4 1.59452e+1
 3.25000e+1 2.99900e-4 1.10720e+1
 3.25000e+1 3.49900e-4 8.13398e+0
 3.25000e+1 4.19900e-4 5.64827e+0
 3.25000e+1 4.99900e-4 3.98527e+0
 3.25000e+1 5.89900e-4 2.86209e+0
 3.25000e+1 6.99900e-4 2.03322e+0
 3.25000e+1 8.29900e-4 1.44618e+0
 3.25000e+1 9.89900e-4 1.01651e+0
 3.25000e+1 1.09990e-3 8.23383e-1
 3.25000e+1 1.29990e-3 5.89535e-1
 3.25000e+1 1.49990e-3 4.42817e-1
 3.25000e+1 1.79990e-3 3.07524e-1
 3.25000e+1 2.09990e-3 2.25945e-1
 3.25000e+1 2.49990e-3 1.59436e-1
 3.25000e+1 2.99990e-3 1.10726e-1
 3.25000e+1 3.49990e-3 8.13551e-2
 3.25000e+1 4.19990e-3 5.65013e-2
 3.25000e+1 4.99990e-3 3.98708e-2
 3.25000e+1 5.89990e-3 2.86373e-2
 3.25000e+1 6.99990e-3 2.03463e-2
 3.25000e+1 8.29990e-3 1.44736e-2
 3.25000e+1 9.89990e-3 1.01747e-2
 3.25000e+1 1.10000e-2 8.24202e-3
 3.25000e+1 1.30000e-2 5.90196e-3
 3.25000e+1 1.50000e-2 4.43364e-3
 3.25000e+1 1.70000e-2 3.42218e-3
 3.25000e+1 2.00000e-2 2.46915e-3
 3.25000e+1 2.30000e-2 1.86446e-3
 3.25000e+1 2.70000e-2 1.35044e-3
 3.25000e+1 3.20000e-2 9.59142e-4
 3.25000e+1 3.80000e-2 6.78232e-4
 3.25000e+1 4.50000e-2 4.82017e-4
 3.25000e+1 5.30000e-2 3.46139e-4
 3.25000e+1 6.30000e-2 2.43777e-4
 3.25000e+1 7.50000e-2 1.70990e-4
 3.25000e+1 8.90000e-2 1.20577e-4
 3.25000e+1 1.05000e-1 8.59284e-5
 3.25000e+1 1.25000e-1 6.00102e-5
 3.25000e+1 1.47500e-1 4.25947e-5
 3.25000e+1 1.75000e-1 2.98207e-5
 3.25000e+1 2.07500e-1 2.08406e-5
 3.25000e+1 2.45000e-1 1.46417e-5
 3.25000e+1 2.90000e-1 1.01863e-5
 3.25000e+1 3.42500e-1 7.08146e-6
 3.25000e+1 4.05000e-1 4.87555e-6
 3.25000e+1 4.75000e-1 3.39028e-6
 3.25000e+1 5.55000e-1 2.35406e-6
 3.25000e+1 6.50000e-1 1.60411e-6
 3.25000e+1 7.55000e-1 1.09696e-6
 3.25000e+1 8.75000e-1 7.38324e-7
 3.25000e+1 1.01000e+0 4.87868e-7
 3.25000e+1 1.15500e+0 3.18569e-7
 3.25000e+1 1.31000e+0 2.02315e-7
 3.25000e+1 1.46500e+0 1.25495e-7
 3.25000e+1 1.62000e+0 7.29433e-8
 3.25000e+1 1.76000e+0 3.90695e-8
 3.25000e+1 1.87500e+0 1.79649e-8
 3.25000e+1 1.95000e+0 6.68226e-9
 3.25000e+1 1.99500e+0 6.92386e-10
 3.25000e+1 2.00000e+0 6.02748e-11
 4.37500e+1 1.00000e-6 9.81446e+5
 4.37500e+1 1.20000e-6 6.82720e+5
 4.37500e+1 1.40000e-6 5.02200e+5
 4.37500e+1 1.60000e-6 3.84848e+5
 4.37500e+1 1.90000e-6 2.73187e+5
 4.37500e+1 2.20000e-6 2.03912e+5
 4.37500e+1 2.60000e-6 1.46101e+5
 4.37500e+1 3.10000e-6 1.02838e+5
 4.37500e+1 3.70000e-6 7.22279e+4
 4.37500e+1 4.40000e-6 5.10970e+4
 4.37500e+1 5.20000e-6 3.65974e+4
 4.37500e+1 6.20000e-6 2.57521e+4
 4.37500e+1 7.40000e-6 1.80822e+4
 4.37500e+1 8.80000e-6 1.27893e+4
 4.37500e+1 9.90000e-6 1.01065e+4
 4.37500e+1 1.09000e-5 8.33794e+3
 4.37500e+1 1.29000e-5 5.95384e+3
 4.37500e+1 1.49000e-5 4.46326e+3
 4.37500e+1 1.79000e-5 3.09294e+3
 4.37500e+1 2.09000e-5 2.26894e+3
 4.37500e+1 2.49000e-5 1.59865e+3
 4.37500e+1 2.99000e-5 1.10878e+3
 4.37500e+1 3.49000e-5 8.13879e+2
 4.37500e+1 4.19000e-5 5.64687e+2
 4.37500e+1 4.99000e-5 3.98158e+2
 4.37500e+1 5.89000e-5 2.85788e+2
 4.37500e+1 6.99000e-5 2.02926e+2
 4.37500e+1 8.29000e-5 1.44277e+2
 4.37500e+1 9.89000e-5 1.01375e+2
 4.37500e+1 1.09900e-4 8.20983e+1
 4.37500e+1 1.29900e-4 5.87657e+1
 4.37500e+1 1.49900e-4 4.41316e+1
 4.37500e+1 1.79900e-4 3.06411e+1
 4.37500e+1 2.09900e-4 2.25088e+1
 4.37500e+1 2.49900e-4 1.58802e+1
 4.37500e+1 2.99900e-4 1.10268e+1
 4.37500e+1 3.49900e-4 8.10079e+0
 4.37500e+1 4.19900e-4 5.62520e+0
 4.37500e+1 4.99900e-4 3.96898e+0
 4.37500e+1 5.89900e-4 2.85038e+0
 4.37500e+1 6.99900e-4 2.02490e+0
 4.37500e+1 8.29900e-4 1.44026e+0
 4.37500e+1 9.89900e-4 1.01235e+0
 4.37500e+1 1.09990e-3 8.20010e-1
 4.37500e+1 1.29990e-3 5.87120e-1
 4.37500e+1 1.49990e-3 4.41003e-1
 4.37500e+1 1.79990e-3 3.06264e-1
 4.37500e+1 2.09990e-3 2.25019e-1
 4.37500e+1 2.49990e-3 1.58782e-1
 4.37500e+1 2.99990e-3 1.10272e-1
 4.37500e+1 3.49990e-3 8.10214e-2
 4.37500e+1 4.19990e-3 5.62695e-2
 4.37500e+1 4.99990e-3 3.97073e-2
 4.37500e+1 5.89990e-3 2.85198e-2
 4.37500e+1 6.99990e-3 2.02628e-2
 4.37500e+1 8.29990e-3 1.44142e-2
 4.37500e+1 9.89990e-3 1.01329e-2
 4.37500e+1 1.10000e-2 8.20820e-3
 4.37500e+1 1.30000e-2 5.87775e-3
 4.37500e+1 1.50000e-2 4.41545e-3
 4.37500e+1 1.70000e-2 3.40813e-3
 4.37500e+1 2.00000e-2 2.45902e-3
 4.37500e+1 2.30000e-2 1.85681e-3
 4.37500e+1 2.70000e-2 1.34489e-3
 4.37500e+1 3.20000e-2 9.55205e-4
 4.37500e+1 3.80000e-2 6.75448e-4
 4.37500e+1 4.50000e-2 4.80038e-4
 4.37500e+1 5.30000e-2 3.44718e-4
 4.37500e+1 6.30000e-2 2.42776e-4
 4.37500e+1 7.50000e-2 1.70287e-4
 4.37500e+1 8.90000e-2 1.20081e-4
 4.37500e+1 1.05000e-1 8.55752e-5
 4.37500e+1 1.25000e-1 5.97635e-5
 4.37500e+1 1.47500e-1 4.24195e-5
 4.37500e+1 1.75000e-1 2.96980e-5
 4.37500e+1 2.07500e-1 2.07548e-5
 4.37500e+1 2.45000e-1 1.45814e-5
 4.37500e+1 2.90000e-1 1.01443e-5
 4.37500e+1 3.42500e-1 7.05224e-6
 4.37500e+1 4.05000e-1 4.85541e-6
 4.37500e+1 4.75000e-1 3.37626e-6
 4.37500e+1 5.55000e-1 2.34430e-6
 4.37500e+1 6.50000e-1 1.59745e-6
 4.37500e+1 7.55000e-1 1.09239e-6
 4.37500e+1 8.75000e-1 7.35234e-7
 4.37500e+1 1.01000e+0 4.85814e-7
 4.37500e+1 1.15500e+0 3.17216e-7
 4.37500e+1 1.31000e+0 2.01445e-7
 4.37500e+1 1.46500e+0 1.24944e-7
 4.37500e+1 1.62000e+0 7.26115e-8
 4.37500e+1 1.76000e+0 3.88792e-8
 4.37500e+1 1.87500e+0 1.78631e-8
 4.37500e+1 1.95000e+0 6.62781e-9
 4.37500e+1 1.99500e+0 6.63121e-10
 4.37500e+1 2.00000e+0 3.36696e-11
 6.62500e+1 1.00000e-6 9.84753e+5
 6.62500e+1 1.10000e-6 8.14179e+5
 6.62500e+1 1.30000e-6 5.83300e+5
 6.62500e+1 1.50000e-6 4.38326e+5
 6.62500e+1 1.80000e-6 3.04546e+5
 6.62500e+1 2.10000e-6 2.23828e+5
 6.62500e+1 2.50000e-6 1.57988e+5
 6.62500e+1 3.00000e-6 1.09747e+5
 6.62500e+1 3.50000e-6 8.06477e+4
 6.62500e+1 4.20000e-6 5.60175e+4
 6.62500e+1 5.00000e-6 3.95329e+4
 6.62500e+1 5.90000e-6 2.83959e+4
 6.62500e+1 7.00000e-6 2.01751e+4
 6.62500e+1 8.30000e-6 1.43517e+4
 6.62500e+1 9.90000e-6 1.00885e+4
 6.62500e+1 1.09000e-5 8.32270e+3
 6.62500e+1 1.29000e-5 5.94248e+3
 6.62500e+1 1.49000e-5 4.45448e+3
 6.62500e+1 1.79000e-5 3.08665e+3
 6.62500e+1 2.09000e-5 2.26422e+3
 6.62500e+1 2.49000e-5 1.59526e+3
 6.62500e+1 2.99000e-5 1.10638e+3
 6.62500e+1 3.49000e-5 8.12097e+2
 6.62500e+1 4.19000e-5 5.63436e+2
 6.62500e+1 4.99000e-5 3.97267e+2
 6.62500e+1 5.89000e-5 2.85144e+2
 6.62500e+1 6.99000e-5 2.02465e+2
 6.62500e+1 8.29000e-5 1.43948e+2
 6.62500e+1 9.89000e-5 1.01142e+2
 6.62500e+1 1.09900e-4 8.19094e+1
 6.62500e+1 1.29900e-4 5.86300e+1
 6.62500e+1 1.49900e-4 4.40294e+1
 6.62500e+1 1.79900e-4 3.05699e+1
 6.62500e+1 2.09900e-4 2.24565e+1
 6.62500e+1 2.49900e-4 1.58433e+1
 6.62500e+1 2.99900e-4 1.10011e+1
 6.62500e+1 3.49900e-4 8.08186e+0
 6.62500e+1 4.19900e-4 5.61205e+0
 6.62500e+1 4.99900e-4 3.95968e+0
 6.62500e+1 5.89900e-4 2.84370e+0
 6.62500e+1 6.99900e-4 2.02016e+0
 6.62500e+1 8.29900e-4 1.43689e+0
 6.62500e+1 9.89900e-4 1.00997e+0
 6.62500e+1 1.09990e-3 8.18085e-1
 6.62500e+1 1.29990e-3 5.85741e-1
 6.62500e+1 1.49990e-3 4.39967e-1
 6.62500e+1 1.79990e-3 3.05544e-1
 6.62500e+1 2.09990e-3 2.24490e-1
 6.62500e+1 2.49990e-3 1.58409e-1
 6.62500e+1 2.99990e-3 1.10013e-1
 6.62500e+1 3.49990e-3 8.08310e-2
 6.62500e+1 4.19990e-3 5.61372e-2
 6.62500e+1 4.99990e-3 3.96139e-2
 6.62500e+1 5.89990e-3 2.84527e-2
 6.62500e+1 6.99990e-3 2.02152e-2
 6.62500e+1 8.29990e-3 1.43803e-2
 6.62500e+1 9.89990e-3 1.01091e-2
 6.62500e+1 1.10000e-2 8.18890e-3
 6.62500e+1 1.30000e-2 5.86392e-3
 6.62500e+1 1.50000e-2 4.40506e-3
 6.62500e+1 1.70000e-2 3.40011e-3
 6.62500e+1 2.00000e-2 2.45323e-3
 6.62500e+1 2.30000e-2 1.85244e-3
 6.62500e+1 2.70000e-2 1.34173e-3
 6.62500e+1 3.20000e-2 9.52957e-4
 6.62500e+1 3.80000e-2 6.73858e-4
 6.62500e+1 4.50000e-2 4.78908e-4
 6.62500e+1 5.30000e-2 3.43906e-4
 6.62500e+1 6.30000e-2 2.42205e-4
 6.62500e+1 7.50000e-2 1.69886e-4
 6.62500e+1 8.90000e-2 1.19798e-4
 6.62500e+1 1.05000e-1 8.53736e-5
 6.62500e+1 1.25000e-1 5.96226e-5
 6.62500e+1 1.47500e-1 4.23195e-5
 6.62500e+1 1.75000e-1 2.96279e-5
 6.62500e+1 2.07500e-1 2.07058e-5
 6.62500e+1 2.45000e-1 1.45470e-5
 6.62500e+1 2.90000e-1 1.01203e-5
 6.62500e+1 3.42500e-1 7.03555e-6
 6.62500e+1 4.05000e-1 4.84390e-6
 6.62500e+1 4.75000e-1 3.36824e-6
 6.62500e+1 5.55000e-1 2.33872e-6
 6.62500e+1 6.50000e-1 1.59363e-6
 6.62500e+1 7.55000e-1 1.08977e-6
 6.62500e+1 8.75000e-1 7.33463e-7
 6.62500e+1 1.01000e+0 4.84635e-7
 6.62500e+1 1.15500e+0 3.16438e-7
 6.62500e+1 1.31000e+0 2.00943e-7
 6.62500e+1 1.46500e+0 1.24625e-7
 6.62500e+1 1.62000e+0 7.24178e-8
 6.62500e+1 1.76000e+0 3.87668e-8
 6.62500e+1 1.87500e+0 1.78014e-8
 6.62500e+1 1.95000e+0 6.59327e-9
 6.62500e+1 1.99500e+0 6.43040e-10
 6.62500e+1 2.00000e+0 1.51157e-11
 1.00000e+5 1.00000e-6 9.86945e+5
 1.00000e+5 1.10000e-6 8.15658e+5
 1.00000e+5 1.30000e-6 5.83993e+5
 1.00000e+5 1.50000e-6 4.38644e+5
 1.00000e+5 1.80000e-6 3.04614e+5
 1.00000e+5 2.10000e-6 2.23799e+5
 1.00000e+5 2.50000e-6 1.57913e+5
 1.00000e+5 3.00000e-6 1.09662e+5
 1.00000e+5 3.50000e-6 8.05681e+4
 1.00000e+5 4.20000e-6 5.59502e+4
 1.00000e+5 5.00000e-6 3.94786e+4
 1.00000e+5 5.90000e-6 2.83530e+4
 1.00000e+5 7.00000e-6 2.01423e+4
 1.00000e+5 8.30000e-6 1.43268e+4
 1.00000e+5 9.90000e-6 1.00702e+4
 1.00000e+5 1.09000e-5 8.30723e+3
 1.00000e+5 1.29000e-5 5.93106e+3
 1.00000e+5 1.49000e-5 4.44571e+3
 1.00000e+5 1.79000e-5 3.08042e+3
 1.00000e+5 2.09000e-5 2.25957e+3
 1.00000e+5 2.49000e-5 1.59192e+3
 1.00000e+5 2.99000e-5 1.10403e+3
 1.00000e+5 3.49000e-5 8.10358e+2
 1.00000e+5 4.19000e-5 5.62217e+2
 1.00000e+5 4.99000e-5 3.96401e+2
 1.00000e+5 5.89000e-5 2.84518e+2
 1.00000e+5 6.99000e-5 2.02018e+2
 1.00000e+5 8.29000e-5 1.43629e+2
 1.00000e+5 9.89000e-5 1.00917e+2
 1.00000e+5 1.09900e-4 8.17268e+1
 1.00000e+5 1.29900e-4 5.84989e+1
 1.00000e+5 1.49900e-4 4.39308e+1
 1.00000e+5 1.79900e-4 3.05013e+1
 1.00000e+5 2.09900e-4 2.24059e+1
 1.00000e+5 2.49900e-4 1.58076e+1
 1.00000e+5 2.99900e-4 1.09763e+1
 1.00000e+5 3.49900e-4 8.06362e+0
 1.00000e+5 4.19900e-4 5.59936e+0
 1.00000e+5 4.99900e-4 3.95073e+0
 1.00000e+5 5.89900e-4 2.83727e+0
 1.00000e+5 6.99900e-4 2.01558e+0
 1.00000e+5 8.29900e-4 1.43363e+0
 1.00000e+5 9.89900e-4 1.00769e+0
 1.00000e+5 1.09990e-3 8.16231e-1
 1.00000e+5 1.29990e-3 5.84413e-1
 1.00000e+5 1.49990e-3 4.38969e-1
 1.00000e+5 1.79990e-3 3.04851e-1
 1.00000e+5 2.09990e-3 2.23981e-1
 1.00000e+5 2.49990e-3 1.58049e-1
 1.00000e+5 2.99990e-3 1.09763e-1
 1.00000e+5 3.49990e-3 8.06475e-2
 1.00000e+5 4.19990e-3 5.60098e-2
 1.00000e+5 4.99990e-3 3.95240e-2
 1.00000e+5 5.89990e-3 2.83882e-2
 1.00000e+5 6.99990e-3 2.01693e-2
 1.00000e+5 8.29990e-3 1.43477e-2
 1.00000e+5 9.89990e-3 1.00861e-2
 1.00000e+5 1.10000e-2 8.17031e-3
 1.00000e+5 1.30000e-2 5.85061e-3
 1.00000e+5 1.50000e-2 4.39506e-3
 1.00000e+5 1.70000e-2 3.39239e-3
 1.00000e+5 2.00000e-2 2.44766e-3
 1.00000e+5 2.30000e-2 1.84823e-3
 1.00000e+5 2.70000e-2 1.33868e-3
 1.00000e+5 3.20000e-2 9.50792e-4
 1.00000e+5 3.80000e-2 6.72327e-4
 1.00000e+5 4.50000e-2 4.77820e-4
 1.00000e+5 5.30000e-2 3.43125e-4
 1.00000e+5 6.30000e-2 2.41654e-4
 1.00000e+5 7.50000e-2 1.69500e-4
 1.00000e+5 8.90000e-2 1.19526e-4
 1.00000e+5 1.05000e-1 8.51795e-5
 1.00000e+5 1.25000e-1 5.94870e-5
 1.00000e+5 1.47500e-1 4.22232e-5
 1.00000e+5 1.75000e-1 2.95605e-5
 1.00000e+5 2.07500e-1 2.06587e-5
 1.00000e+5 2.45000e-1 1.45138e-5
 1.00000e+5 2.90000e-1 1.00972e-5
 1.00000e+5 3.42500e-1 7.01949e-6
 1.00000e+5 4.05000e-1 4.83283e-6
 1.00000e+5 4.75000e-1 3.36053e-6
 1.00000e+5 5.55000e-1 2.33336e-6
 1.00000e+5 6.50000e-1 1.58997e-6
 1.00000e+5 7.55000e-1 1.08726e-6
 1.00000e+5 8.75000e-1 7.31764e-7
 1.00000e+5 1.01000e+0 4.83506e-7
 1.00000e+5 1.15500e+0 3.15695e-7
 1.00000e+5 1.31000e+0 2.00465e-7
 1.00000e+5 1.46500e+0 1.24322e-7
 1.00000e+5 1.62000e+0 7.22356e-8
 1.00000e+5 1.76000e+0 3.86623e-8
 1.00000e+5 1.87500e+0 1.77456e-8
 1.00000e+5 1.95000e+0 6.56347e-9
 1.00000e+5 1.99500e+0 6.27088e-10
 1.00000e+5 1.99990e+0 1.25808e-11
 1.00000e+5 2.00000e+0 6.25670e-13
